18955 18873.44750405167 7229.394211844071
18955 18892.84312288479 7228.747966472022
18955 18895.367873826206 7229.497919202527
19069 18993.172800776967 7276.773000203254
19184 18972.188393750894 7242.232785540842
19298 18699.20432337099 7089.488616651234
19413 18146.88222746556 6816.89781817736
19527 17504.504522379524 6517.030802766992
19641 17069.689951856617 6333.233683123789
19756 16936.930868368367 6267.9646542709015
19870 16654.081051289384 6123.519126516792
19985 16223.910434243768 5891.001805911903
20099 15639.646256375423 5579.570727351602
20214 14496.425851446686 4925.428054015679
