17555 11373.212039420372 4692.617962909716
17555 11387.603266957434 4683.959955855082
17555 11406.606976023642 4683.323413023368
17669 11629.523329877497 4949.0856397637
17783 12166.223062348063 5550.001281283932
17897 12604.546537609038 6081.497775376006
18011 12908.447721531054 6430.133382100184
18125 13061.360071380905 6624.925576942288
18239 13096.608411983412 6685.675089646792
18353 13028.134744863912 6616.429655932696
18467 12835.499985104152 6424.606661195567
18581 12550.792763001096 6131.742053993018
18695 12159.331107893608 5729.144886536435
18809 11517.002964273797 5046.526546937513
