17555 9448.24142297059 2721.106925204308
17555 9499.003271128271 2719.3120817736694
17555 9500.226413913913 2718.7124880745228
17669 9623.426414509748 2842.285338574534
17783 9928.439195147528 3119.1747912003143
17897 10193.96601661185 3366.091132481555
18011 10392.661426307259 3551.7066306397483
18125 10526.268107393107 3674.8516678650317
18239 10569.229020687353 3720.389883113227
18353 10542.715909361743 3690.135487474289
18467 10426.065044210878 3583.5449620557442
18581 10255.23688569522 3416.9894361185034
18695 10011.95836908337 3190.8075785891115
18809 9635.60708029458 2827.4198495224173
