17555 20097.902140235474 4608.682075214501
17555 20220.8154344821 4616.267735621201
17555 20220.579519996187 4615.384600506473
17669 21191.35042780876 4931.2618306056065
17783 22394.504343629345 5293.897737844751
17897 22874.71680013347 5434.794423662973
18011 23056.20180597264 5487.386820256944
18125 23035.700521950523 5489.817625078261
18239 22784.294699461367 5421.4497954376475
18353 22264.2748015873 5267.348808111591
18467 21524.086667024167 5037.097741101976
18581 20653.839777277277 4751.660283753083
18695 19606.79839065256 4393.802811671083
18809 17809.91343128843 3777.4038470315913
