17555 7528.4193151484815 2007.3950723801079
17555 7548.297422422423 2007.0070391815175
17555 7544.561436436436 2005.9540905499118
17669 7604.279887029887 2084.148642818098
17783 7713.448454406788 2286.472652902874
17897 7823.482741670242 2506.473452898877
18011 7896.189886314886 2682.1447821223733
18125 7924.574217074217 2803.483477733146
18239 7939.184267600935 2859.4405185453643
18353 7923.33748331665 2841.322809402602
18467 7889.451478263978 2763.2018819308437
18581 7811.992355450689 2643.4479174687176
18695 7733.480179584346 2481.2208646046784
18809 7583.15099325516 2232.210525252918
