17555 11726.295795795795 4640.522637464676
17555 11751.820707612374 4628.809743350835
17555 11782.49167024167 4632.531586337262
17669 12049.234925401592 4903.337519575283
17783 12655.848768411268 5516.8181235627535
17897 13172.693646026979 6076.392112036655
18011 13524.9323668907 6449.127849777406
18125 13713.365281948616 6671.965936439628
18239 13787.578218099052 6736.856230330075
18353 13691.59092425759 6658.658258409676
18467 13473.310760164926 6452.172266224782
18581 13132.037287287287 6133.022893803759
18695 12674.719442656942 5710.08001585027
18809 11997.377719981887 5024.224222360252
