17555 15207.122458768292 5067.398442986104
17555 15319.252997044663 5078.611414036777
17555 15321.591797154297 5081.626029910326
17669 15812.594272844273 5352.645349179016
17783 16393.77649077649 5640.164491011107
17897 16651.861647361646 5756.244209383017
18011 16774.69631834215 5827.7785399035365
18125 16808.795631941466 5870.414727952884
18239 16675.68893893894 5847.471840365101
18353 16440.15014121264 5774.187829077043
18467 16100.168040063874 5620.160529114093
18581 15648.247533247533 5384.724324702059
18695 15061.375649458983 5030.599342332999
18809 13996.265253348587 4338.277679618741
