17555 7785.819092902426 840.6483424909306
17555 7855.609636422137 864.7339961251096
17555 7854.680230826064 864.4177734998437
17669 7904.432837599505 879.8354206377181
17783 8037.108784379618 916.6836783042761
17897 8170.17294675628 950.0378116057632
18011 8216.413925830593 965.5281507141897
18125 8245.220476428809 971.8739799542647
18239 8222.26303684637 966.5873109072152
18353 8173.278608966109 951.4586981621325
18467 8063.950328304495 924.0364429909826
18581 7955.149095524095 893.3420956247323
18695 7841.387777658611 858.5622543665
18809 7661.499299895133 809.4945537096389
