17555 7321.871192621193 1014.7210466964857
17555 7359.738959197292 1021.0046473701808
17555 7352.56132024882 1019.8018832747223
17669 7374.176205967872 1037.4297895190978
17783 7463.720786262453 1079.652809969752
17897 7502.051831593498 1102.5403675936698
18011 7514.728752562086 1101.6420414875606
18125 7525.6437687687685 1098.5189342946192
18239 7537.2793329043325 1103.189330245979
18353 7527.037117474618 1100.3170658916354
18467 7508.8660803660805 1089.039348328743
18581 7459.9300073883405 1064.8121827155437
18695 7405.335079126746 1026.6890907395182
18809 7290.999419061919 959.5764194655568
