18955 20929.075098908434 7795.12374771124
18955 20944.293272439107 7794.028894260156
18955 20957.283610991944 7791.483053568141
19069 21004.29653462987 7811.388329840511
19184 20883.073624219458 7783.962054464761
19298 20647.30492695076 7732.937451994959
19413 20283.053535678537 7659.702551421144
19527 19881.866714929216 7591.746098728905
19641 19592.838797130466 7554.330520896623
19756 19516.85592437676 7566.94490341736
19870 19357.434294413462 7516.017132899489
19985 19070.53718897469 7397.854753044486
20099 18622.557819724487 7190.3204841381375
20214 17646.06005112255 6655.231177482546
