18955 13084.854667167167 3510.521072252122
18955 13080.370671266504 3507.8664824511593
18955 13085.734925401592 3507.850665947512
19069 13134.639329805996 3526.6711201763324
19184 13122.507978216312 3501.498855473128
19298 13028.642034892035 3427.407626516174
19413 12752.219138781638 3261.0679778199255
19527 12458.587367129034 3106.0277353613765
19641 12265.874040707375 3012.860542268822
19756 12188.966201320369 2978.722035488949
19870 12077.485035630869 2906.698030708379
19985 11927.89241026741 2797.272827146332
20099 11710.278585132752 2645.9046839941107
20214 11267.665766957434 2333.910508624827
