18955 11812.522829376996 3429.4714140401557
18955 11859.599641307974 3444.1593848599546
18955 11866.666121478622 3444.2306230792224
19069 11885.961500190668 3470.3945607805454
19184 11859.780155155155 3443.5670406893437
19298 11709.11145371562 3329.991837517591
19413 11385.546820630154 3109.954267905821
19527 11054.057786953621 2896.7730884974794
19641 10823.075292554458 2757.681984408264
19756 10739.354160708328 2707.755217390888
19870 10623.640607869775 2630.2112363020174
19985 10434.131143047809 2499.08708925633
20099 10199.376114209448 2331.339815483549
20214 9744.461023523523 1996.2934168956915
