18955 12260.856112064446 3368.6713779538964
18955 12312.301006363507 3381.92274720696
18955 12305.369265098432 3380.354904363584
19069 12353.10448543782 3417.1959044351315
19184 12335.681666785833 3406.853576163031
19298 12237.898237523237 3346.3503608069764
19413 12048.3480683064 3227.8160395130753
19527 11691.804354950189 3026.7977398162147
19641 11502.768774727108 2926.7780247875376
19756 11468.347180513847 2926.1557284399814
19870 11392.074455407788 2886.517609308312
19985 11213.103269936602 2775.1933176429934
20099 10939.782726178559 2604.8179077940017
20214 10385.845518137185 2235.387943393777
