17555 10719.869676223843 2092.96239114545
17555 10814.667828542828 2117.105711219455
17555 10812.738533176032 2123.3209405748908
17669 10973.64350660184 2197.247076595243
17783 11304.375983125983 2341.667111307647
17897 11618.864912531579 2452.8059016607
18011 11866.326522951524 2543.2478655638492
18125 12044.58630952381 2623.089682688804
18239 12101.72769793603 2667.931987105946
18353 12112.134396301062 2664.6388104741827
18467 11978.257391319892 2605.0764885414624
18581 11768.242909576244 2498.205992824003
18695 11420.437187187186 2337.8968434959597
18809 10904.467118904618 2092.6190726084446
