19025 1688.2694034576416 1057.021905600879
19025 1110.1951360702515 487.1693874251286
19025 1198.2242574691772 560.1403157504399
19138 1169.3050003051758 536.4831078564172
19250 1082.024974822998 462.3965659947482
19363 1014.1976718902588 406.0425959962935
19475 1088.641360282898 482.25964112934156
19588 1517.9628219604492 890.5531753803895
19700 1813.919129371643 1163.7464048939587
19813 1861.1925449371338 1201.382560635366
19925 1842.1056652069092 1180.6945169157675
20038 1855.4077701568604 1188.747829731486
20150 1869.8639755249023 1199.0481096374235
