18955 18835.84984984985 7488.987230737424
18955 18851.943068068067 7488.323481164435
18955 18852.656373635542 7487.366678141248
19069 18922.326481243148 7512.16998567631
19184 18812.51177665761 7488.388933622539
19298 18591.510397302063 7430.647973257396
19413 18280.94154869155 7334.062036960376
19527 17884.93876018876 7239.0121577941
19641 17567.566092878595 7184.8112734819
19756 17513.13780149197 7194.93455783778
19870 17366.689650960485 7151.689629733191
19985 17116.784004242338 7048.103242561048
20099 16717.43469660136 6888.039442438495
20214 15921.030381572049 6514.374946067378
