18955 15361.819197173363 6235.909148552363
18955 15394.17614936365 6240.667020123561
18955 15394.038404475905 6240.890344921375
19069 15458.889499618666 6283.8089172485115
19184 15402.558320224987 6244.267420039847
19298 15247.122869893703 6136.431381299673
19413 14859.624523332857 5860.39125274464
19527 14356.115523261356 5551.493003116997
19641 14059.469359240193 5388.124408928316
19756 13964.020642666475 5345.662589919908
19870 13791.013936555602 5234.5679501918
19985 13525.691998546165 5032.353367115576
20099 13139.236906549406 4738.679843745987
20214 12387.268795581296 4088.1849940918405
