18955 14732.875053625054 5074.858080050802
18955 14775.595488345489 5083.327795565212
18955 14785.43118713952 5084.100906984747
19069 14831.479446708614 5124.4489922446855
19184 14767.169598169598 5071.615507162068
19298 14503.22610705944 4881.535086433769
19413 14026.91856141856 4565.224401170956
19527 13531.816858525191 4243.453587296869
19641 13212.048152318986 4047.116791943046
19756 13092.92127544211 3975.137878116813
19870 12899.725022641689 3847.0479914324005
19985 12603.547762047761 3645.4068026105474
20099 12242.697110801277 3381.759035526704
20214 11517.746999976167 2829.4862668756055
