18955 16045.104399041898 5174.271389441395
18955 16081.256172839507 5170.534366413193
18955 16088.868410076744 5171.216679912993
19069 16158.239951260784 5199.389446247747
19184 16180.883124195625 5188.066428908207
19298 15975.670405524572 5123.780036991979
19413 15524.39316101816 4990.389185264667
19527 15005.467321488155 4848.898162722805
19641 14657.276386505553 4764.226346879079
19756 14556.385918656752 4741.234777100271
19870 14344.669723294723 4687.465928639498
19985 14001.607029648696 4589.991952007223
20099 13556.39367641451 4453.72354653262
20214 12688.013501596835 4138.614224818611
