17555 7313.954895371562 1002.1563042769324
17555 7335.361733757567 1006.808403169744
17555 7346.024351732685 1007.6449501765479
17669 7367.161783807617 1024.1505548617827
17783 7434.708038395538 1062.8060221225312
17897 7498.020833333333 1085.0515598067052
18011 7506.7289581247915 1083.8159177252332
18125 7519.573055198055 1081.2753364568337
18239 7534.0403051861385 1084.0945344092725
18353 7500.904049883216 1080.611511567221
18467 7490.865764574098 1071.0694256205259
18581 7440.378268149101 1048.2448269251106
18695 7394.671043066876 1012.8070504565533
18809 7286.214121859955 948.408094033242
