18955 17865.417447209114 7829.725703766931
18955 17901.03631011964 7821.240934710609
18955 17904.649542399544 7818.930260564235
19069 17948.84230063397 7824.990279819724
19184 17894.77043710377 7821.280577695963
19298 17763.78742432909 7805.474166761014
19413 17499.177689594355 7780.412551855968
19527 17051.889860098192 7769.661291367278
19641 16784.14021461938 7774.215992020904
19756 16707.16194468278 7771.771291227729
19870 16559.998200581533 7755.247660534855
19985 16315.222928285428 7707.271238362911
20099 15932.967121883788 7589.161430013825
20214 14953.912549454217 6952.423117881437
