17232 16193.039164164164 3258.5042583296695
17232 10387.65520282187 1664.1630840997711
17232 10347.687973687975 1662.6255479259978
17269 10729.937190166356 1757.2939248502616
17306 11600.614849969017 1980.1068816154875
17343 12928.413931788931 2354.477109700037
17380 14883.245566995567 2963.415948261566
17417 17480.582555770055 3800.3511778532284
17455 20215.213094046427 4717.210254204647
17492 22417.639514514514 5440.817406953426
17529 23869.49302278469 5811.19720379636
17566 24710.992558034224 5891.0713900993
17603 25241.848729682064 5863.104078628739
