17555 14490.152146193814 7133.964692247216
17555 14497.770580103914 7128.09037119144
17555 14511.741643429143 7123.1641160271865
17669 14812.226160684493 7128.982847839777
17783 15248.138245388245 7110.123633785929
17897 15451.697301468135 7098.450584991252
18011 15547.466481362315 7089.188015835339
18125 15566.5162334954 7086.1590904250925
18239 15516.089866652366 7085.175189931449
18353 15385.261177844512 7086.6171907366725
18467 15200.855265980266 7084.29390062644
18581 15001.876379355546 7073.6740798859855
18695 14710.05105700939 7069.174761094473
18809 14235.768473830974 7051.972822146385
