18694 14868.533161137328 4824.933907629143
18694 12613.000220458554 4257.698237128956
18694 11869.616968158634 4044.7463689352876
18732 11923.358832046331 4068.3492039547195
18769 12580.97174257591 4257.626643892646
18806 13476.003488607656 4487.970491475552
18843 14348.690237856905 4709.543819415997
18880 15114.302841532008 4908.245018040175
18917 15656.54281364698 5053.880161595375
18955 15960.869381286047 5138.80498416179
18992 16109.265009056675 5180.851086695449
19029 16165.652545402545 5197.088064884114
19066 16172.052412531579 5199.570434367506
