18955 17911.122762643598 3522.0775698905245
18955 23281.45702249869 4660.583006395357
18955 24403.13114304781 5010.060926291719
19069 24553.80274619858 5079.631853285787
19184 24162.417119500453 5007.962131613097
19298 23575.72356284856 4867.408488498168
19413 22917.26578661995 4686.412285331357
19527 22375.999618666287 4526.071755908071
19641 22377.709224105056 4447.9701410274665
19756 21740.106010772677 4356.009446880523
19870 21302.848848848847 4236.987726164409
19985 20781.99519459936 4078.354156346969
20099 19719.645922708423 3783.862274464094
20214 17735.202571619237 3251.073304630993
