18955 16380.036867224368 7044.084057490444
18955 16416.730179584345 7040.412289158298
18955 16416.909617951285 7040.711583894749
19069 16464.62028695362 7062.5430228441655
19184 16401.695370966205 7048.948544255027
19298 16254.032618928451 7009.410957285676
19413 16007.388632680299 6947.458005002658
19527 15642.014040826542 6874.342582938302
19641 15380.899682420515 6845.98661183112
19756 15342.435950831785 6851.665744298509
19870 15232.248391248391 6830.136294765524
19985 15030.482384169884 6775.71181001415
20099 14737.661807640974 6692.031446999551
20214 14141.958970875638 6496.0223003290275
