17555 8706.942916130416 1791.9947596804911
17555 8769.31249404166 1797.5513879186228
17555 8764.435652914819 1796.7721877080605
17669 8825.190559607227 1845.3599289847918
17783 8987.580264788598 1939.609625745482
17897 9105.684657872158 1978.8634614265484
18011 9116.851253038752 1973.1237050967136
18125 9127.74990764574 1971.8391790828969
18239 9122.606362314697 1974.5555423421533
18353 9102.064475189476 1966.9981904880472
18467 9058.36364042614 1939.1578068816696
18581 8962.555996472664 1883.4472078484926
18695 8840.659388555221 1792.7736758707208
18809 8600.173423423423 1630.1444900795568
