17555 10652.020544353878 4298.074024544516
17555 10691.330821893322 4292.399010800989
17555 10695.719758448926 4293.283980512352
17669 10869.649747962249 4523.678739257614
17783 11298.948174364841 5037.337008930578
17897 11631.849045474046 5472.578283238779
18011 11834.15292077792 5746.417553674039
18125 11952.19810286477 5900.75088618923
18239 11977.584760355594 5948.438639898291
18353 11910.019641665474 5890.835843309355
18467 11772.685423518757 5734.4116522862705
18581 11542.633186758187 5494.0695275578355
18695 11224.343665093666 5154.1927555866605
18809 10714.742948305447 4567.702170530789
