17555 16117.767347704848 4216.980100260708
17555 16196.831277706278 4224.335149316061
17555 16184.956721602555 4223.981989806328
17669 16725.315511940513 4427.873882786648
17783 17353.442391796558 4637.2922464931435
17897 17640.28650674484 4721.897302525316
18011 17764.451236951238 4786.701047227429
18125 17832.95566399733 4846.540449484536
18239 17623.85589756423 4866.301162860327
18353 17433.37170503837 4847.4728797513035
18467 17057.986841007674 4766.947042707695
18581 16555.695251799418 4612.277841577837
18695 15905.454016516516 4346.163685202268
18809 14705.218745531245 3777.8771910298865
