17555 10783.498450831785 1784.4222298131622
17555 10807.785776848277 1783.3642760914058
17555 10800.172005338673 1782.3951546745595
17669 10998.183314266647 1848.1681802462072
17783 11382.012813408646 1975.6316592995538
17897 11642.506035797702 2058.758028929219
18011 11745.205547809714 2092.9874943943314
18125 11765.97266909767 2100.812730991029
18239 11697.29071333238 2079.35568862204
18353 11533.840030506697 2026.9144143891156
18467 11301.623829186328 1948.0132064300176
18581 11020.104530125363 1851.020685316184
18695 10692.455806997474 1734.3561383724134
18809 10188.104941250775 1561.100665423767
