17555 9440.618961223128 2203.1063480405323
17555 9465.913991372325 2200.927086243067
17555 9479.435357977025 2202.272347524131
17669 9591.064421564422 2272.042063138192
17783 9792.499672291338 2390.334201004369
17897 9900.060164330998 2428.088392198595
18011 9918.321306425472 2419.7080697626247
18125 9945.617826159492 2420.819321727725
18239 9943.220169574337 2426.020436288134
18353 9896.176548572383 2412.616232264682
18467 9830.833330354164 2376.247998951033
18581 9728.27718194385 2306.1480218618667
18695 9551.624037728205 2187.0890498135786
18809 9231.0575337242 1969.89773398642
