nm irradiance_W·m^-2·nm^-1
201.0 8.240319e-03
202.0 8.721013e-03
203.0 9.244874e-03
204.0 1.037929e-02
205.0 1.122051e-02
206.0 1.145988e-02
207.0 1.269230e-02
208.0 1.451247e-02
209.0 1.893943e-02
210.0 2.615685e-02
211.0 3.225841e-02
212.0 3.576761e-02
213.0 3.286593e-02
214.0 3.924215e-02
215.0 4.143579e-02
216.0 3.660050e-02
217.0 3.453262e-02
218.0 4.321165e-02
219.0 4.810728e-02
220.0 5.200076e-02
221.0 4.482831e-02
222.0 4.641910e-02
223.0 5.968878e-02
224.0 6.577836e-02
225.0 5.929398e-02
226.0 4.859433e-02
227.0 3.833222e-02
228.0 4.860767e-02
229.0 5.194967e-02
230.0 5.039066e-02
231.0 5.340323e-02
232.0 5.356280e-02
233.0 5.034505e-02
234.0 4.170612e-02
235.0 4.575931e-02
236.0 5.128391e-02
237.0 5.033372e-02
238.0 4.497300e-02
239.0 4.466379e-02
240.0 4.245696e-02
241.0 4.348843e-02
242.0 6.413628e-02
243.0 7.116460e-02
244.0 6.615940e-02
245.0 5.613967e-02
246.0 5.026473e-02
247.0 5.485253e-02
248.0 5.242631e-02
249.0 4.906261e-02
250.0 6.263396e-02
251.0 5.513884e-02
252.0 4.381848e-02
253.0 4.741918e-02
254.0 5.717802e-02
255.0 7.047684e-02
256.0 9.210049e-02
257.0 1.201397e-01
258.0 1.318249e-01
259.0 1.225265e-01
260.0 9.633516e-02
261.0 8.841092e-02
262.0 1.044459e-01
263.0 1.238954e-01
264.0 2.305437e-01
265.0 2.562228e-01
266.0 2.673340e-01
267.0 2.588624e-01
268.0 2.603958e-01
269.0 2.499429e-01
270.0 2.676750e-01
271.0 2.659728e-01
272.0 2.081924e-01
273.0 2.195057e-01
274.0 1.653601e-01
275.0 1.555299e-01
276.0 2.263366e-01
277.0 2.602760e-01
278.0 2.065314e-01
279.0 1.287564e-01
280.0 8.663595e-02
281.0 1.573393e-01
282.0 2.723235e-01
283.0 3.274429e-01
284.0 3.056470e-01
285.0 1.858192e-01
286.0 2.576431e-01
287.0 3.650807e-01
288.0 3.290592e-01
289.0 4.141676e-01
290.0 5.766168e-01
291.0 6.246853e-01
292.0 5.726077e-01
293.0 5.506770e-01
294.0 5.399188e-01
295.0 5.426670e-01
296.0 5.685337e-01
297.0 4.997525e-01
298.0 5.185242e-01
299.0 4.941103e-01
300.0 4.611378e-01
301.0 4.669708e-01
302.0 4.705522e-01
303.0 6.129357e-01
304.0 6.370896e-01
305.0 6.488624e-01
306.0 5.942033e-01
307.0 6.294223e-01
308.0 6.657158e-01
309.0 5.945290e-01
310.0 5.599028e-01
311.0 7.606341e-01
312.0 7.136522e-01
313.0 7.096218e-01
314.0 7.259904e-01
315.0 6.883394e-01
316.0 6.250549e-01
317.0 7.625522e-01
318.0 7.303103e-01
319.0 7.047952e-01
320.0 7.947596e-01
321.0 7.690462e-01
322.0 7.282463e-01
323.0 6.770245e-01
324.0 7.460509e-01
325.0 8.366773e-01
326.0 9.890610e-01
327.0 1.003325e+00
328.0 9.599358e-01
329.0 1.010036e+00
330.0 1.098456e+00
331.0 1.002887e+00
332.0 9.898553e-01
333.0 9.646064e-01
334.0 9.574381e-01
335.0 1.002097e+00
336.0 8.942888e-01
337.0 8.416989e-01
338.0 9.238475e-01
339.0 9.708588e-01
340.0 1.045606e+00
341.0 9.876161e-01
342.0 9.940282e-01
343.0 1.031615e+00
344.0 8.671321e-01
345.0 9.079210e-01
346.0 9.509321e-01
347.0 9.622743e-01
348.0 9.264399e-01
349.0 9.177613e-01
350.0 1.010334e+00
351.0 1.052627e+00
352.0 9.807620e-01
353.0 9.870515e-01
354.0 1.131045e+00
355.0 1.136550e+00
356.0 1.043355e+00
357.0 8.821191e-01
358.0 7.898513e-01
359.0 8.697948e-01
360.0 1.101419e+00
361.0 9.513705e-01
362.0 9.755228e-01
363.0 1.062476e+00
364.0 1.066026e+00
365.0 1.095211e+00
366.0 1.281510e+00
367.0 1.258284e+00
368.0 1.177660e+00
369.0 1.200336e+00
370.0 1.266055e+00
371.0 1.188710e+00
372.0 1.150200e+00
373.0 1.036591e+00
374.0 9.324783e-01
375.0 9.793809e-01
376.0 1.120787e+00
377.0 1.188995e+00
378.0 1.396265e+00
379.0 1.230758e+00
380.0 1.145615e+00
381.0 1.240311e+00
382.0 9.592591e-01
383.0 7.421527e-01
384.0 8.185011e-01
385.0 1.059549e+00
386.0 1.003172e+00
387.0 1.031332e+00
388.0 1.007108e+00
389.0 1.075072e+00
390.0 1.243033e+00
391.0 1.325931e+00
392.0 1.243973e+00
393.0 7.514195e-01
394.0 7.796732e-01
395.0 1.247680e+00
396.0 1.139220e+00
397.0 7.611674e-01
398.0 1.303806e+00
399.0 1.619612e+00
400.0 1.687632e+00
401.0 1.735270e+00
402.0 1.807750e+00
403.0 1.746067e+00
404.0 1.729905e+00
405.0 1.690497e+00
406.0 1.607394e+00
407.0 1.635465e+00
408.0 1.665999e+00
409.0 1.822641e+00
410.0 1.477448e+00
411.0 1.725026e+00
412.0 1.822813e+00
413.0 1.739245e+00
414.0 1.778797e+00
415.0 1.777230e+00
416.0 1.743393e+00
417.0 1.733362e+00
418.0 1.688318e+00
419.0 1.716376e+00
420.0 1.621279e+00
421.0 1.866308e+00
422.0 1.820749e+00
423.0 1.577858e+00
424.0 1.713938e+00
425.0 1.765055e+00
426.0 1.662236e+00
427.0 1.637081e+00
428.0 1.686850e+00
429.0 1.582927e+00
430.0 1.279535e+00
431.0 1.181059e+00
432.0 1.862194e+00
433.0 1.686298e+00
434.0 1.523035e+00
435.0 1.751036e+00
436.0 1.844717e+00
437.0 1.884810e+00
438.0 1.675181e+00
439.0 1.665892e+00
440.0 1.831936e+00
441.0 1.804546e+00
442.0 1.893663e+00
443.0 1.968180e+00
444.0 1.909772e+00
445.0 2.030094e+00
446.0 1.757858e+00
447.0 1.957796e+00
448.0 2.007011e+00
449.0 2.059603e+00
450.0 2.055714e+00
451.0 2.207670e+00
452.0 2.092263e+00
453.0 1.915646e+00
454.0 2.043671e+00
455.0 1.997686e+00
456.0 2.077078e+00
457.0 2.055769e+00
458.0 2.048771e+00
459.0 2.007229e+00
460.0 1.992124e+00
461.0 2.067668e+00
462.0 2.090810e+00
463.0 2.100799e+00
464.0 2.023013e+00
465.0 1.968722e+00
466.0 2.021811e+00
467.0 1.896260e+00
468.0 1.994448e+00
469.0 2.017063e+00
470.0 1.933846e+00
471.0 1.959188e+00
472.0 2.042241e+00
473.0 1.988652e+00
474.0 2.021984e+00
475.0 2.069118e+00
476.0 1.989807e+00
477.0 1.970101e+00
478.0 2.103148e+00
479.0 2.023232e+00
480.0 2.091301e+00
481.0 2.033352e+00
482.0 2.086104e+00
483.0 2.031778e+00
484.0 1.997985e+00
485.0 2.016673e+00
486.0 1.576772e+00
487.0 1.777034e+00
488.0 1.951034e+00
489.0 1.820516e+00
490.0 2.044863e+00
491.0 1.969426e+00
492.0 1.855615e+00
493.0 1.978355e+00
494.0 1.914607e+00
495.0 2.047145e+00
496.0 1.956583e+00
497.0 1.980376e+00
498.0 1.939945e+00
499.0 1.934132e+00
500.0 1.936273e+00
501.0 1.854684e+00
502.0 1.818614e+00
503.0 1.956626e+00
504.0 1.831633e+00
505.0 1.947212e+00
506.0 2.051880e+00
507.0 1.922822e+00
508.0 1.877873e+00
509.0 2.002045e+00
510.0 1.930160e+00
511.0 1.925187e+00
512.0 1.996308e+00
513.0 1.866783e+00
514.0 1.822384e+00
515.0 1.879495e+00
516.0 1.906177e+00
517.0 1.477100e+00
518.0 1.804339e+00
519.0 1.703894e+00
520.0 1.894416e+00
521.0 1.846049e+00
522.0 1.922102e+00
523.0 1.775830e+00
524.0 1.944624e+00
525.0 1.921074e+00
526.0 1.899761e+00
527.0 1.640881e+00
528.0 1.889804e+00
529.0 1.982991e+00
530.0 1.896008e+00
531.0 2.017831e+00
532.0 1.957945e+00
533.0 1.765778e+00
534.0 1.899581e+00
535.0 1.907831e+00
536.0 1.982818e+00
537.0 1.805782e+00
538.0 1.904966e+00
539.0 1.879514e+00
540.0 1.847624e+00
541.0 1.754810e+00
542.0 1.894603e+00
543.0 1.848227e+00
544.0 1.923922e+00
545.0 1.894030e+00
546.0 1.867081e+00
547.0 1.915590e+00
548.0 1.806423e+00
549.0 1.907482e+00
550.0 1.871768e+00
551.0 1.856256e+00
552.0 1.905581e+00
553.0 1.837905e+00
554.0 1.879526e+00
555.0 1.907191e+00
556.0 1.863917e+00
557.0 1.793196e+00
558.0 1.872545e+00
559.0 1.771652e+00
560.0 1.764124e+00
561.0 1.927194e+00
562.0 1.812540e+00
563.0 1.866148e+00
564.0 1.832246e+00
565.0 1.875116e+00
566.0 1.776936e+00
567.0 1.878361e+00
568.0 1.866401e+00
569.0 1.833525e+00
570.0 1.846402e+00
571.0 1.755688e+00
572.0 1.875342e+00
573.0 1.887357e+00
574.0 1.889665e+00
575.0 1.852434e+00
576.0 1.814694e+00
577.0 1.882090e+00
578.0 1.828984e+00
579.0 1.809532e+00
580.0 1.856237e+00
581.0 1.835999e+00
582.0 1.855368e+00
583.0 1.874806e+00
584.0 1.868935e+00
585.0 1.854264e+00
586.0 1.773080e+00
587.0 1.842115e+00
588.0 1.847866e+00
589.0 1.652953e+00
590.0 1.695325e+00
591.0 1.811288e+00
592.0 1.785124e+00
593.0 1.796145e+00
594.0 1.800984e+00
595.0 1.774797e+00
596.0 1.808311e+00
597.0 1.812728e+00
598.0 1.776190e+00
599.0 1.743256e+00
600.0 1.755122e+00
601.0 1.739666e+00
602.0 1.710667e+00
603.0 1.747158e+00
604.0 1.768139e+00
605.0 1.772312e+00
606.0 1.749901e+00
607.0 1.751806e+00
608.0 1.738796e+00
609.0 1.729977e+00
610.0 1.708862e+00
611.0 1.753066e+00
612.0 1.728261e+00
613.0 1.749375e+00
614.0 1.676931e+00
615.0 1.744075e+00
616.0 1.664016e+00
617.0 1.676078e+00
618.0 1.732099e+00
619.0 1.709330e+00
620.0 1.740031e+00
621.0 1.746738e+00
622.0 1.686734e+00
623.0 1.676195e+00
624.0 1.703431e+00
625.0 1.652372e+00
626.0 1.650075e+00
627.0 1.693440e+00
628.0 1.700156e+00
629.0 1.716026e+00
630.0 1.654341e+00
631.0 1.706212e+00
632.0 1.590864e+00
633.0 1.696076e+00
634.0 1.640997e+00
635.0 1.666916e+00
636.0 1.608835e+00
637.0 1.662953e+00
638.0 1.664396e+00
639.0 1.666576e+00
640.0 1.610879e+00
641.0 1.612403e+00
642.0 1.602312e+00
643.0 1.628781e+00
644.0 1.624503e+00
645.0 1.627539e+00
646.0 1.595607e+00
647.0 1.620323e+00
648.0 1.607365e+00
649.0 1.615092e+00
650.0 1.511210e+00
651.0 1.623220e+00
652.0 1.585089e+00
653.0 1.602506e+00
654.0 1.606541e+00
655.0 1.553725e+00
656.0 1.311042e+00
657.0 1.394355e+00
658.0 1.543450e+00
659.0 1.549151e+00
660.0 1.554962e+00
661.0 1.562805e+00
662.0 1.583303e+00
663.0 1.571097e+00
664.0 1.546692e+00
665.0 1.559119e+00
666.0 1.565275e+00
667.0 1.545306e+00
668.0 1.537570e+00
669.0 1.557820e+00
670.0 1.535781e+00
671.0 1.522521e+00
672.0 1.491300e+00
673.0 1.517770e+00
674.0 1.508436e+00
675.0 1.490318e+00
676.0 1.502529e+00
677.0 1.480499e+00
678.0 1.495264e+00
679.0 1.477617e+00
680.0 1.471998e+00
681.0 1.466769e+00
682.0 1.471218e+00
683.0 1.468291e+00
684.0 1.436350e+00
685.0 1.459998e+00
686.0 1.432094e+00
687.0 1.477643e+00
688.0 1.466016e+00
689.0 1.470653e+00
690.0 1.468938e+00
691.0 1.457584e+00
692.0 1.437926e+00
693.0 1.439033e+00
694.0 1.451956e+00
695.0 1.422932e+00
696.0 1.434848e+00
697.0 1.432507e+00
698.0 1.407643e+00
699.0 1.436051e+00
700.0 1.393436e+00
701.0 1.363878e+00
702.0 1.367935e+00
703.0 1.371440e+00
704.0 1.383889e+00
705.0 1.400835e+00
706.0 1.389405e+00
707.0 1.386889e+00
708.0 1.405910e+00
709.0 1.367141e+00
710.0 1.391450e+00
711.0 1.384421e+00
712.0 1.369104e+00
713.0 1.369642e+00
714.0 1.382467e+00
715.0 1.350162e+00
716.0 1.369739e+00
717.0 1.281609e+00
718.0 1.238592e+00
719.0 1.180830e+00
720.0 1.196612e+00
721.0 1.249720e+00
722.0 1.322310e+00
723.0 1.285166e+00
724.0 1.236029e+00
725.0 1.237140e+00
726.0 1.263075e+00
727.0 1.266056e+00
728.0 1.234529e+00
729.0 1.215194e+00
730.0 1.278966e+00
731.0 1.240840e+00
732.0 1.287538e+00
733.0 1.290347e+00
734.0 1.319401e+00
735.0 1.299547e+00
736.0 1.287428e+00
737.0 1.298319e+00
738.0 1.303448e+00
739.0 1.259434e+00
740.0 1.282548e+00
741.0 1.270755e+00
742.0 1.265512e+00
743.0 1.288745e+00
744.0 1.294911e+00
745.0 1.276843e+00
746.0 1.286793e+00
747.0 1.301044e+00
748.0 1.284171e+00
749.0 1.286050e+00
750.0 1.266973e+00
751.0 1.252980e+00
752.0 1.279917e+00
753.0 1.255570e+00
754.0 1.280250e+00
755.0 1.268639e+00
756.0 1.254738e+00
757.0 1.262050e+00
758.0 1.260970e+00
759.0 1.235488e+00
760.0 1.243839e+00
761.0 1.240293e+00
762.0 1.207887e+00
763.0 1.243600e+00
764.0 1.247081e+00
765.0 1.245454e+00
766.0 1.174979e+00
767.0 1.183454e+00
768.0 1.223544e+00
769.0 1.215817e+00
770.0 1.205629e+00
771.0 1.205746e+00
772.0 1.201463e+00
773.0 1.194826e+00
774.0 1.211532e+00
775.0 1.158991e+00
776.0 1.209763e+00
777.0 1.203819e+00
778.0 1.193869e+00
779.0 1.208453e+00
780.0 1.194393e+00
781.0 1.193439e+00
782.0 1.209388e+00
783.0 1.189471e+00
784.0 1.189280e+00
785.0 1.192019e+00
786.0 1.192527e+00
787.0 1.184468e+00
788.0 1.174406e+00
789.0 1.177063e+00
790.0 1.158216e+00
791.0 1.164850e+00
792.0 1.143837e+00
793.0 1.130672e+00
794.0 1.138844e+00
795.0 1.128876e+00
796.0 1.142839e+00
797.0 1.145967e+00
798.0 1.157252e+00
799.0 1.151692e+00
800.0 1.125041e+00
801.0 1.142615e+00
802.0 1.141877e+00
803.0 1.124427e+00
804.0 1.132993e+00
805.0 1.099884e+00
806.0 1.131342e+00
807.0 1.122048e+00
808.0 1.115821e+00
809.0 1.098515e+00
810.0 1.093646e+00
811.0 1.114314e+00
812.0 1.112482e+00
813.0 1.108239e+00
814.0 1.111923e+00
815.0 1.103354e+00
816.0 1.097875e+00
817.0 1.098734e+00
818.0 1.085113e+00
819.0 1.073797e+00
820.0 1.042186e+00
821.0 1.064647e+00
822.0 1.051334e+00
823.0 1.068801e+00
824.0 1.071514e+00
825.0 1.069106e+00
826.0 1.077064e+00
827.0 1.076737e+00
828.0 1.074575e+00
829.0 1.070868e+00
830.0 1.057079e+00
831.0 1.036208e+00
832.0 1.057497e+00
833.0 1.025449e+00
834.0 1.036455e+00
835.0 1.038081e+00
836.0 1.053109e+00
837.0 1.042250e+00
838.0 1.045552e+00
839.0 1.009825e+00
840.0 1.038291e+00
841.0 1.043400e+00
842.0 1.027826e+00
843.0 1.028586e+00
844.0 1.006009e+00
845.0 1.020459e+00
846.0 1.026897e+00
847.0 9.957553e-01
848.0 1.023660e+00
849.0 1.022252e+00
850.0 8.896512e-01
851.0 1.011293e+00
852.0 9.794466e-01
853.0 9.875623e-01
854.0 8.073892e-01
855.0 8.617291e-01
856.0 9.901668e-01
857.0 1.007285e+00
858.0 9.919746e-01
859.0 9.816682e-01
860.0 9.802785e-01
861.0 9.812167e-01
862.0 9.738591e-01
863.0 9.924556e-01
864.0 9.899374e-01
865.0 9.733755e-01
866.0 8.289430e-01
867.0 8.555424e-01
868.0 9.403708e-01
869.0 9.296257e-01
870.0 9.662304e-01
871.0 9.630283e-01
872.0 9.651874e-01
873.0 9.662062e-01
874.0 9.490676e-01
875.0 9.354331e-01
876.0 9.401337e-01
877.0 9.582633e-01
878.0 9.520363e-01
879.0 9.455528e-01
880.0 9.483296e-01
881.0 8.956924e-01
882.0 9.439701e-01
883.0 9.261462e-01
884.0 9.314540e-01
885.0 9.426768e-01
886.0 9.141865e-01
887.0 9.009813e-01
888.0 9.298842e-01
889.0 9.334967e-01
890.0 9.355318e-01
891.0 9.330281e-01
892.0 9.247815e-01
893.0 9.035834e-01
894.0 9.279987e-01
895.0 8.993911e-01
896.0 9.308374e-01
897.0 9.105049e-01
898.0 9.120012e-01
899.0 9.136713e-01
900.0 8.892560e-01
901.0 8.741042e-01
902.0 8.545978e-01
903.0 8.970224e-01
904.0 9.092306e-01
905.0 9.078729e-01
906.0 8.889401e-01
907.0 8.949038e-01
908.0 8.783903e-01
909.0 8.624679e-01
910.0 8.718590e-01
911.0 8.767585e-01
912.0 8.651009e-01
913.0 8.938174e-01
914.0 8.872870e-01
915.0 8.707053e-01
916.0 8.806520e-01
917.0 8.662509e-01
918.0 8.640337e-01
919.0 8.717707e-01
920.0 8.629503e-01
921.0 8.427411e-01
922.0 8.399881e-01
923.0 8.043411e-01
924.0 8.376559e-01
925.0 8.447525e-01
926.0 8.172890e-01
927.0 8.507894e-01
928.0 8.566108e-01
929.0 8.444937e-01
930.0 8.447005e-01
931.0 8.479327e-01
932.0 8.415132e-01
933.0 8.459195e-01
934.0 8.442902e-01
935.0 8.328756e-01
936.0 8.275635e-01
937.0 8.366364e-01
938.0 8.339536e-01
939.0 8.290404e-01
940.0 8.255385e-01
941.0 7.990157e-01
942.0 7.854076e-01
943.0 8.203160e-01
944.0 8.018072e-01
945.0 8.099201e-01
946.0 8.147641e-01
947.0 8.145335e-01
948.0 8.172356e-01
949.0 8.177123e-01
950.0 8.144299e-01
951.0 8.053183e-01
952.0 8.092817e-01
953.0 8.049589e-01
954.0 7.943775e-01
955.0 7.463910e-01
956.0 7.952160e-01
957.0 7.905464e-01
958.0 7.965740e-01
959.0 7.998906e-01
960.0 7.915217e-01
961.0 7.870649e-01
962.0 7.899803e-01
963.0 7.824804e-01
964.0 7.774004e-01
965.0 7.831429e-01
966.0 7.662675e-01
967.0 7.840177e-01
968.0 7.749243e-01
969.0 7.773907e-01
970.0 7.818004e-01
971.0 7.727070e-01
972.0 7.785135e-01
973.0 7.727679e-01
974.0 7.597341e-01
975.0 7.663137e-01
976.0 7.711261e-01
977.0 7.576383e-01
978.0 7.700374e-01
979.0 7.510771e-01
980.0 7.599570e-01
981.0 7.651436e-01
982.0 7.636081e-01
983.0 7.587455e-01
984.0 7.542885e-01
985.0 7.566568e-01
986.0 7.521645e-01
987.0 7.503530e-01
988.0 7.510036e-01
989.0 7.381814e-01
990.0 7.425082e-01
991.0 7.468615e-01
992.0 7.453751e-01
993.0 7.446976e-01
994.0 7.453819e-01
995.0 7.415575e-01
996.0 7.407893e-01
997.0 7.410375e-01
998.0 7.391637e-01
999.0 7.359556e-01
1000.0 7.325504e-01
1001.0 7.356983e-01
1002.0 7.350640e-01
1003.0 7.266824e-01
1004.0 7.189532e-01
1005.0 6.746945e-01
1006.0 7.051975e-01
1007.0 7.210905e-01
1008.0 7.237755e-01
1009.0 7.207436e-01
1010.0 7.221615e-01
1011.0 7.181341e-01
1012.0 7.175511e-01
1013.0 7.140886e-01
1014.0 7.159430e-01
1015.0 7.049051e-01
1016.0 7.073225e-01
1017.0 7.026098e-01
1018.0 7.087373e-01
1019.0 6.924372e-01
1020.0 6.970002e-01
1021.0 7.014251e-01
1022.0 6.893091e-01
1023.0 7.031223e-01
1024.0 7.003268e-01
1025.0 6.990112e-01
1026.0 6.991742e-01
1027.0 6.959402e-01
1028.0 6.971139e-01
1029.0 6.865803e-01
1030.0 6.921814e-01
1031.0 6.896630e-01
1032.0 6.892169e-01
1033.0 6.744957e-01
1034.0 6.815820e-01
1035.0 6.749714e-01
1036.0 6.840725e-01
1037.0 6.742107e-01
1038.0 6.715443e-01
1039.0 6.792861e-01
1040.0 6.699899e-01
1041.0 6.748486e-01
1042.0 6.748449e-01
1043.0 6.664405e-01
1044.0 6.718716e-01
1045.0 6.684132e-01
1046.0 6.510352e-01
1047.0 6.613344e-01
1048.0 6.675711e-01
1049.0 6.650141e-01
1050.0 6.611425e-01
1051.0 6.615522e-01
1052.0 6.582691e-01
1053.0 6.567508e-01
1054.0 6.546279e-01
1055.0 6.573710e-01
1056.0 6.562633e-01
1057.0 6.551916e-01
1058.0 6.493881e-01
1059.0 6.304334e-01
1060.0 6.481124e-01
1061.0 6.338018e-01
1062.0 6.464531e-01
1063.0 6.367208e-01
1064.0 6.461798e-01
1065.0 6.453582e-01
1066.0 6.314859e-01
1067.0 6.349583e-01
1068.0 6.357452e-01
1069.0 6.008726e-01
1070.0 6.216064e-01
1071.0 6.280962e-01
1072.0 6.311166e-01
1073.0 6.109941e-01
1074.0 6.305301e-01
1075.0 6.104093e-01
1076.0 6.245168e-01
1077.0 6.241282e-01
1078.0 6.252843e-01
1079.0 6.037166e-01
1080.0 6.223157e-01
1081.0 6.072652e-01
1082.0 6.024544e-01
1083.0 5.887902e-01
1084.0 6.139009e-01
1085.0 6.116327e-01
1086.0 6.155410e-01
1087.0 5.808028e-01
1088.0 6.071178e-01
1089.0 5.941041e-01
1090.0 6.040692e-01
1091.0 6.078857e-01
1092.0 5.969616e-01
1093.0 5.918729e-01
1094.0 5.441972e-01
1095.0 5.822887e-01
1096.0 5.827845e-01
1097.0 5.774923e-01
1098.0 5.760215e-01
1099.0 5.821194e-01
1100.0 5.907039e-01
1101.0 5.880908e-01
1102.0 5.682574e-01
1103.0 5.860383e-01
1104.0 5.850676e-01
1105.0 5.827093e-01
1106.0 5.821743e-01
1107.0 5.794845e-01
1108.0 5.799791e-01
1109.0 5.796097e-01
1110.0 5.801751e-01
1111.0 5.766441e-01
1112.0 5.710642e-01
1113.0 5.705970e-01
1114.0 5.756816e-01
1115.0 5.714138e-01
1116.0 5.678077e-01
1117.0 5.756816e-01
1118.0 5.720935e-01
1119.0 5.589215e-01
1120.0 5.611833e-01
1121.0 5.641248e-01
1122.0 5.680486e-01
1123.0 5.666840e-01
1124.0 5.670200e-01
1125.0 5.547897e-01
1126.0 5.461747e-01
1127.0 5.617243e-01
1128.0 5.543579e-01
1129.0 5.544074e-01
1130.0 5.483762e-01
1131.0 5.554983e-01
1132.0 5.559445e-01
1133.0 5.481255e-01
1134.0 5.478052e-01
1135.0 5.544883e-01
1136.0 5.497698e-01
1137.0 5.518493e-01
1138.0 5.379188e-01
1139.0 5.409058e-01
1140.0 5.408959e-01
1141.0 5.336086e-01
1142.0 5.421361e-01
1143.0 5.397742e-01
1144.0 5.357135e-01
1145.0 5.397111e-01
1146.0 5.436038e-01
1147.0 5.450180e-01
1148.0 5.414542e-01
1149.0 5.388521e-01
1150.0 5.375898e-01
1151.0 5.373076e-01
1152.0 5.329486e-01
1153.0 5.342426e-01
1154.0 5.371966e-01
1155.0 5.366541e-01
1156.0 5.306680e-01
1157.0 5.328861e-01
1158.0 5.319322e-01
1159.0 5.227378e-01
1160.0 5.192283e-01
1161.0 5.087027e-01
1162.0 5.206199e-01
1163.0 5.249884e-01
1164.0 5.151608e-01
1165.0 5.218799e-01
1166.0 5.126262e-01
1167.0 5.183720e-01
1168.0 5.222732e-01
1169.0 5.084527e-01
1170.0 5.159402e-01
1171.0 5.195485e-01
1172.0 5.192087e-01
1173.0 5.164523e-01
1174.0 5.169335e-01
1175.0 5.054022e-01
1176.0 5.011264e-01
1177.0 5.108111e-01
1178.0 5.031050e-01
1179.0 5.046929e-01
1180.0 5.108782e-01
1181.0 5.075670e-01
1182.0 5.062264e-01
1183.0 4.791758e-01
1184.0 4.995414e-01
1185.0 5.038042e-01
1186.0 5.037976e-01
1187.0 5.032893e-01
1188.0 4.952640e-01
1189.0 4.767489e-01
1190.0 4.943422e-01
1191.0 5.016144e-01
1192.0 4.999623e-01
1193.0 4.980487e-01
1194.0 4.983836e-01
1195.0 4.935538e-01
1196.0 4.910942e-01
1197.0 4.863558e-01
1198.0 4.775005e-01
1199.0 4.641679e-01
1200.0 4.844733e-01
1201.0 4.911963e-01
1202.0 4.913623e-01
1203.0 4.740370e-01
1204.0 4.729222e-01
1205.0 4.865052e-01
1206.0 4.844946e-01
1207.0 4.871331e-01
1208.0 4.721034e-01
1209.0 4.580477e-01
1210.0 4.774558e-01
1211.0 4.699292e-01
1212.0 4.792380e-01
1213.0 4.803310e-01
1214.0 4.788813e-01
1215.0 4.801978e-01
1216.0 4.794087e-01
1217.0 4.782605e-01
1218.0 4.766349e-01
1219.0 4.740674e-01
1220.0 4.747611e-01
1221.0 4.741223e-01
1222.0 4.723309e-01
1223.0 4.691407e-01
1224.0 4.724547e-01
1225.0 4.700418e-01
1226.0 4.703787e-01
1227.0 4.606608e-01
1228.0 4.638198e-01
1229.0 4.680767e-01
1230.0 4.658981e-01
1231.0 4.650096e-01
1232.0 4.614989e-01
1233.0 4.630598e-01
1234.0 4.615213e-01
1235.0 4.597045e-01
1236.0 4.618716e-01
1237.0 4.612909e-01
1238.0 4.608134e-01
1239.0 4.566956e-01
1240.0 4.528232e-01
1241.0 4.579544e-01
1242.0 4.543500e-01
1243.0 4.490088e-01
1244.0 4.497132e-01
1245.0 4.546599e-01
1246.0 4.512968e-01
1247.0 4.502154e-01
1248.0 4.519078e-01
1249.0 4.519502e-01
1250.0 4.504251e-01
1251.0 4.483518e-01
1252.0 4.433819e-01
1253.0 4.451957e-01
1254.0 4.456855e-01
1255.0 4.448825e-01
1256.0 4.429319e-01
1257.0 4.411761e-01
1258.0 4.422554e-01
1259.0 4.400099e-01
1260.0 4.418213e-01
1261.0 4.407484e-01
1262.0 4.351103e-01
1263.0 4.401595e-01
1264.0 4.351071e-01
1265.0 4.345119e-01
1266.0 4.377060e-01
1267.0 4.319573e-01
1268.0 4.290288e-01
1269.0 4.318281e-01
1270.0 4.340941e-01
1271.0 4.342652e-01
1272.0 4.326764e-01
1273.0 4.314489e-01
1274.0 4.283156e-01
1275.0 4.296769e-01
1276.0 4.300912e-01
1277.0 4.293910e-01
1278.0 4.275877e-01
1279.0 4.245639e-01
1280.0 4.213029e-01
1281.0 4.083501e-01
1282.0 3.673632e-01
1283.0 3.963884e-01
1284.0 4.142112e-01
1285.0 4.165037e-01
1286.0 4.173216e-01
1287.0 4.200782e-01
1288.0 4.178177e-01
1289.0 4.186955e-01
1290.0 4.122359e-01
1291.0 4.141378e-01
1292.0 4.165216e-01
1293.0 4.167168e-01
1294.0 4.120892e-01
1295.0 4.150000e-01
1296.0 4.155039e-01
1297.0 4.135072e-01
1298.0 4.091564e-01
1299.0 4.136654e-01
1300.0 4.122730e-01
1301.0 4.102669e-01
1302.0 4.069917e-01
1303.0 4.046077e-01
1304.0 4.036857e-01
1305.0 4.069547e-01
1306.0 4.075899e-01
1307.0 4.064707e-01
1308.0 4.053700e-01
1309.0 4.060000e-01
1310.0 4.039187e-01
1311.0 4.031596e-01
1312.0 3.979497e-01
1313.0 3.908031e-01
1314.0 4.003538e-01
1315.0 3.902585e-01
1316.0 3.915739e-01
1317.0 3.999986e-01
1318.0 3.946560e-01
1319.0 3.996344e-01
1320.0 3.982630e-01
1321.0 3.954239e-01
1322.0 3.954227e-01
1323.0 3.953388e-01
1324.0 3.956104e-01
1325.0 3.945018e-01
1326.0 3.926722e-01
1327.0 3.899825e-01
1328.0 3.913928e-01
1329.0 3.808957e-01
1330.0 3.869957e-01
1331.0 3.892606e-01
1332.0 3.815640e-01
1333.0 3.881733e-01
1334.0 3.891000e-01
1335.0 3.876298e-01
1336.0 3.860888e-01
1337.0 3.865937e-01
1338.0 3.847403e-01
1339.0 3.796455e-01
1340.0 3.791312e-01
1341.0 3.836062e-01
1342.0 3.819975e-01
1343.0 3.818770e-01
1344.0 3.824989e-01
1345.0 3.821001e-01
1346.0 3.786223e-01
1347.0 3.801125e-01
1348.0 3.796366e-01
1349.0 3.782228e-01
1350.0 3.736161e-01
1351.0 3.750446e-01
1352.0 3.775484e-01
1353.0 3.763542e-01
1354.0 3.749947e-01
1355.0 3.701346e-01
1356.0 3.702688e-01
1357.0 3.669170e-01
1358.0 3.715531e-01
1359.0 3.702202e-01
1360.0 3.665322e-01
1361.0 3.712140e-01
1362.0 3.701800e-01
1363.0 3.638414e-01
1364.0 3.673345e-01
1365.0 3.677664e-01
1366.0 3.672075e-01
1367.0 3.636134e-01
1368.0 3.650367e-01
1369.0 3.603134e-01
1370.0 3.603507e-01
1371.0 3.602357e-01
1372.0 3.634592e-01
1373.0 3.642778e-01
1374.0 3.627093e-01
1375.0 3.587677e-01
1376.0 3.549580e-01
1377.0 3.585465e-01
1378.0 3.583302e-01
1379.0 3.611279e-01
1380.0 3.583877e-01
1381.0 3.588770e-01
1382.0 3.540912e-01
1383.0 3.551165e-01
1384.0 3.574023e-01
1385.0 3.543044e-01
1386.0 3.554864e-01
1387.0 3.532910e-01
1388.0 3.546106e-01
1389.0 3.554394e-01
1390.0 3.495292e-01
1391.0 3.536506e-01
1392.0 3.529311e-01
1393.0 3.512572e-01
1394.0 3.491989e-01
1395.0 3.483731e-01
1396.0 3.495775e-01
1397.0 3.500000e-01
1398.0 3.499773e-01
1399.0 3.486418e-01
1400.0 3.399353e-01
1401.0 3.416408e-01
1402.0 3.455004e-01
1403.0 3.422803e-01
1404.0 3.425881e-01
1405.0 3.416213e-01
1406.0 3.431341e-01
1407.0 3.419314e-01
1408.0 3.418017e-01
1409.0 3.425531e-01
1410.0 3.415192e-01
1411.0 3.370800e-01
1412.0 3.316218e-01
1413.0 3.341517e-01
1414.0 3.369050e-01
1415.0 3.376763e-01
1416.0 3.357865e-01
1417.0 3.368727e-01
1418.0 3.369139e-01
1419.0 3.340188e-01
1420.0 3.320759e-01
1421.0 3.327684e-01
1422.0 3.276039e-01
1423.0 3.273680e-01
1424.0 3.266349e-01
1425.0 3.290627e-01
1426.0 3.227667e-01
1427.0 3.248904e-01
1428.0 3.272885e-01
1429.0 3.212169e-01
1430.0 3.226450e-01
1431.0 3.237682e-01
1432.0 3.284553e-01
1433.0 3.284793e-01
1434.0 3.244717e-01
1435.0 3.265876e-01
1436.0 3.257482e-01
1437.0 3.266014e-01
1438.0 3.253738e-01
1439.0 3.264160e-01
1440.0 3.121711e-01
1441.0 3.148854e-01
1442.0 3.157510e-01
1443.0 3.154576e-01
1444.0 3.168731e-01
1445.0 3.181727e-01
1446.0 3.200356e-01
1447.0 3.165676e-01
1448.0 3.199452e-01
1449.0 3.191690e-01
1450.0 3.162956e-01
1451.0 3.119709e-01
1452.0 3.127123e-01
1453.0 3.145091e-01
1454.0 3.113774e-01
1455.0 3.106379e-01
1456.0 3.098790e-01
1457.0 3.120584e-01
1458.0 3.146706e-01
1459.0 3.158433e-01
1460.0 3.125072e-01
1461.0 3.121503e-01
1462.0 3.089874e-01
1463.0 3.069824e-01
1464.0 3.071578e-01
1465.0 3.087887e-01
1466.0 3.059492e-01
1467.0 3.106003e-01
1468.0 3.063977e-01
1469.0 3.099671e-01
1470.0 3.071083e-01
1471.0 3.028055e-01
1472.0 3.040483e-01
1473.0 3.017612e-01
1474.0 2.965906e-01
1475.0 3.009958e-01
1476.0 3.005437e-01
1477.0 3.001163e-01
1478.0 2.992183e-01
1479.0 3.018928e-01
1480.0 3.032828e-01
1481.0 2.992703e-01
1482.0 3.011212e-01
1483.0 2.957693e-01
1484.0 2.990002e-01
1485.0 3.025876e-01
1486.0 2.990336e-01
1487.0 2.959475e-01
1488.0 2.691035e-01
1489.0 2.919163e-01
1490.0 2.985646e-01
1491.0 2.986540e-01
1492.0 2.961580e-01
1493.0 2.985201e-01
1494.0 2.990265e-01
1495.0 2.977526e-01
1496.0 2.891297e-01
1497.0 2.926949e-01
1498.0 2.950475e-01
1499.0 2.925062e-01
1500.0 2.962358e-01
1501.0 2.953588e-01
1502.0 2.896255e-01
1503.0 2.700568e-01
1504.0 2.782395e-01
1505.0 2.674471e-01
1506.0 2.792844e-01
1507.0 2.894413e-01
1508.0 2.860559e-01
1509.0 2.853053e-01
1510.0 2.910000e-01
1511.0 2.916846e-01
1512.0 2.865557e-01
1513.0 2.847345e-01
1514.0 2.840908e-01
1515.0 2.866428e-01
1516.0 2.854784e-01
1517.0 2.841199e-01
1518.0 2.873548e-01
1519.0 2.841599e-01
1520.0 2.860612e-01
1521.0 2.810570e-01
1522.0 2.792809e-01
1523.0 2.819386e-01
1524.0 2.820962e-01
1525.0 2.791143e-01
1526.0 2.843030e-01
1527.0 2.825006e-01
1528.0 2.837342e-01
1529.0 2.802885e-01
1530.0 2.694545e-01
1531.0 2.805298e-01
1532.0 2.814402e-01
1533.0 2.794333e-01
1534.0 2.751688e-01
1535.0 2.771922e-01
1536.0 2.797405e-01
1537.0 2.796796e-01
1538.0 2.740183e-01
1539.0 2.753959e-01
1540.0 2.692194e-01
1541.0 2.725520e-01
1542.0 2.742335e-01
1543.0 2.747512e-01
1544.0 2.765439e-01
1545.0 2.767406e-01
1546.0 2.764535e-01
1547.0 2.722377e-01
1548.0 2.675896e-01
1549.0 2.713684e-01
1550.0 2.686430e-01
1551.0 2.698043e-01
1552.0 2.724816e-01
1553.0 2.689760e-01
1554.0 2.644149e-01
1555.0 2.656431e-01
1556.0 2.634551e-01
1557.0 2.677725e-01
1558.0 2.667863e-01
1559.0 2.654221e-01
1560.0 2.648641e-01
1561.0 2.689850e-01
1562.0 2.674137e-01
1563.0 2.645864e-01
1564.0 2.631749e-01
1565.0 2.656240e-01
1566.0 2.613481e-01
1567.0 2.611119e-01
1568.0 2.586292e-01
1569.0 2.587165e-01
1570.0 2.591391e-01
1571.0 2.637390e-01
1572.0 2.630498e-01
1573.0 2.607016e-01
1574.0 2.574379e-01
1575.0 2.462275e-01
1576.0 2.525270e-01
1577.0 2.373699e-01
1578.0 2.495566e-01
1579.0 2.573392e-01
1580.0 2.586967e-01
1581.0 2.588563e-01
1582.0 2.501288e-01
1583.0 2.509788e-01
1584.0 2.513469e-01
1585.0 2.554253e-01
1586.0 2.536666e-01
1587.0 2.505329e-01
1588.0 2.445624e-01
1589.0 2.305499e-01
1590.0 2.350552e-01
1591.0 2.385606e-01
1592.0 2.484675e-01
1593.0 2.539196e-01
1594.0 2.537638e-01
1595.0 2.538221e-01
1596.0 2.437262e-01
1597.0 2.462725e-01
1598.0 2.536728e-01
1599.0 2.489871e-01
1600.0 2.491632e-01
1601.0 2.445176e-01
1602.0 2.462221e-01
1603.0 2.472212e-01
1604.0 2.469198e-01
1605.0 2.455198e-01
1606.0 2.449297e-01
1607.0 2.436310e-01
1608.0 2.475138e-01
1609.0 2.444276e-01
1610.0 2.334691e-01
1611.0 2.379798e-01
1612.0 2.395537e-01
1613.0 2.426634e-01
1614.0 2.422297e-01
1615.0 2.407222e-01
1616.0 2.321630e-01
1617.0 2.354901e-01
1618.0 2.421766e-01
1619.0 2.417365e-01
1620.0 2.339629e-01
1621.0 2.326902e-01
1622.0 2.374632e-01
1623.0 2.415868e-01
1624.0 2.418621e-01
1625.0 2.386886e-01
1626.0 2.397356e-01
1627.0 2.408509e-01
1628.0 2.420000e-01
1629.0 2.409500e-01
1630.0 2.376764e-01
1631.0 2.386720e-01
1632.0 2.377677e-01
1633.0 2.345930e-01
1634.0 2.331585e-01
1635.0 2.367842e-01
1636.0 2.342837e-01
1637.0 2.283482e-01
1638.0 2.248107e-01
1639.0 2.214530e-01
1640.0 2.245045e-01
1641.0 2.226594e-01
1642.0 2.230675e-01
1643.0 2.269897e-01
1644.0 2.250243e-01
1645.0 2.248858e-01
1646.0 2.279335e-01
1647.0 2.289676e-01
1648.0 2.285799e-01
1649.0 2.252799e-01
1650.0 2.273768e-01
1651.0 2.250748e-01
1652.0 2.269692e-01
1653.0 2.265166e-01
1654.0 2.268069e-01
1655.0 2.254905e-01
1656.0 2.269696e-01
1657.0 2.270000e-01
1658.0 2.261590e-01
1659.0 2.243283e-01
1660.0 2.249468e-01
1661.0 2.260000e-01
1662.0 2.251917e-01
1663.0 2.234253e-01
1664.0 2.229950e-01
1665.0 2.216431e-01
1666.0 2.200279e-01
1667.0 2.205334e-01
1668.0 2.171630e-01
1669.0 2.184854e-01
1670.0 2.219177e-01
1671.0 2.199479e-01
1672.0 2.127598e-01
1673.0 2.143936e-01
1674.0 2.178050e-01
1675.0 2.140088e-01
1676.0 2.115465e-01
1677.0 2.140787e-01
1678.0 2.134705e-01
1679.0 2.108572e-01
1680.0 2.043883e-01
1681.0 1.978751e-01
1682.0 2.018894e-01
1683.0 2.069765e-01
1684.0 2.104681e-01
1685.0 2.118130e-01
1686.0 2.101303e-01
1687.0 2.102846e-01
1688.0 2.105938e-01
1689.0 2.083305e-01
1690.0 2.085816e-01
1691.0 2.112371e-01
1692.0 2.118809e-01
1693.0 2.112635e-01
1694.0 2.110000e-01
1695.0 2.108463e-01
1696.0 2.097090e-01
1697.0 2.090000e-01
1698.0 2.090000e-01
1699.0 2.081811e-01
1700.0 2.056271e-01
1701.0 2.047146e-01
1702.0 2.044670e-01
1703.0 2.028723e-01
1704.0 2.049533e-01
1705.0 2.056752e-01
1706.0 2.045480e-01
1707.0 2.028134e-01
1708.0 2.000387e-01
1709.0 2.013649e-01
1710.0 2.024089e-01
1711.0 1.943570e-01
1712.0 1.966890e-01
1713.0 2.029746e-01
1714.0 2.030000e-01
1715.0 2.029069e-01
1716.0 2.007152e-01
1717.0 2.000000e-01
1718.0 1.995655e-01
1719.0 1.992954e-01
1720.0 1.976067e-01
1721.0 1.960037e-01
1722.0 1.968205e-01
1723.0 1.908777e-01
1724.0 1.923682e-01
1725.0 1.952904e-01
1726.0 1.948324e-01
1727.0 1.952185e-01
1728.0 1.927361e-01
1729.0 1.939274e-01
1730.0 1.947535e-01
1731.0 1.935867e-01
1732.0 1.903787e-01
1733.0 1.827400e-01
1734.0 1.832905e-01
1735.0 1.829900e-01
1736.0 1.774617e-01
1737.0 1.764670e-01
1738.0 1.829422e-01
1739.0 1.860404e-01
1740.0 1.875297e-01
1741.0 1.860685e-01
1742.0 1.869829e-01
1743.0 1.880256e-01
1744.0 1.888730e-01
1745.0 1.862078e-01
1746.0 1.842944e-01
1747.0 1.834325e-01
1748.0 1.861828e-01
1749.0 1.870314e-01
1750.0 1.845453e-01
1751.0 1.837119e-01
1752.0 1.846112e-01
1753.0 1.849987e-01
1754.0 1.857110e-01
1755.0 1.840610e-01
1756.0 1.850332e-01
1757.0 1.851265e-01
1758.0 1.840000e-01
1759.0 1.843094e-01
1760.0 1.835986e-01
1761.0 1.817342e-01
1762.0 1.784683e-01
1763.0 1.803936e-01
1764.0 1.810456e-01
1765.0 1.815520e-01
1766.0 1.821904e-01
1767.0 1.808812e-01
1768.0 1.800376e-01
1769.0 1.805144e-01
1770.0 1.788946e-01
1771.0 1.784944e-01
1772.0 1.798632e-01
1773.0 1.800000e-01
1774.0 1.796506e-01
1775.0 1.778758e-01
1776.0 1.765412e-01
1777.0 1.738349e-01
1778.0 1.743739e-01
1779.0 1.757011e-01
1780.0 1.754057e-01
1781.0 1.764872e-01
1782.0 1.745644e-01
1783.0 1.740000e-01
1784.0 1.737748e-01
1785.0 1.726872e-01
1786.0 1.739335e-01
1787.0 1.750000e-01
1788.0 1.750000e-01
1789.0 1.742488e-01
1790.0 1.732092e-01
1791.0 1.729988e-01
1792.0 1.721343e-01
1793.0 1.717395e-01
1794.0 1.710000e-01
1795.0 1.710000e-01
1796.0 1.709378e-01
1797.0 1.700232e-01
1798.0 1.701063e-01
1799.0 1.709942e-01
1800.0 1.695541e-01
1801.0 1.678150e-01
1802.0 1.662531e-01
1803.0 1.658056e-01
1804.0 1.684880e-01
1805.0 1.683913e-01
1806.0 1.673690e-01
1807.0 1.667148e-01
1808.0 1.669586e-01
1809.0 1.670000e-01
1810.0 1.662910e-01
1811.0 1.659166e-01
1812.0 1.650135e-01
1813.0 1.648945e-01
1814.0 1.631204e-01
1815.0 1.610953e-01
1816.0 1.584721e-01
1817.0 1.518760e-01
1818.0 1.474936e-01
1819.0 1.527696e-01
1820.0 1.574943e-01
1821.0 1.584960e-01
1822.0 1.566512e-01
1823.0 1.575366e-01
1824.0 1.606939e-01
1825.0 1.610000e-01
1826.0 1.610000e-01
1827.0 1.610000e-01
1828.0 1.597937e-01
1829.0 1.580002e-01
1830.0 1.596822e-01
1831.0 1.600000e-01
1832.0 1.585154e-01
1833.0 1.564803e-01
1834.0 1.584781e-01
1835.0 1.581941e-01
1836.0 1.580000e-01
1837.0 1.571067e-01
1838.0 1.555664e-01
1839.0 1.560958e-01
1840.0 1.560000e-01
1841.0 1.566565e-01
1842.0 1.535215e-01
1843.0 1.520975e-01
1844.0 1.542589e-01
1845.0 1.550292e-01
1846.0 1.541333e-01
1847.0 1.491988e-01
1848.0 1.503488e-01
1849.0 1.537858e-01
1850.0 1.545323e-01
1851.0 1.548375e-01
1852.0 1.533879e-01
1853.0 1.512117e-01
1854.0 1.521764e-01
1855.0 1.514369e-01
1856.0 1.490718e-01
1857.0 1.512847e-01
1858.0 1.517179e-01
1859.0 1.499177e-01
1860.0 1.485522e-01
1861.0 1.483091e-01
1862.0 1.485240e-01
1863.0 1.486837e-01
1864.0 1.483580e-01
1865.0 1.479553e-01
1866.0 1.460819e-01
1867.0 1.447500e-01
1868.0 1.454644e-01
1869.0 1.468650e-01
1870.0 1.468779e-01
1871.0 1.455872e-01
1872.0 1.431469e-01
1873.0 1.404068e-01
1874.0 1.372790e-01
1875.0 1.253959e-01
1876.0 1.229200e-01
1877.0 1.352349e-01
1878.0 1.405388e-01
1879.0 1.419387e-01
1880.0 1.416927e-01
1881.0 1.434679e-01
1882.0 1.438517e-01
1883.0 1.430013e-01
1884.0 1.429458e-01
1885.0 1.413952e-01
1886.0 1.396740e-01
1887.0 1.419388e-01
1888.0 1.428881e-01
1889.0 1.414907e-01
1890.0 1.390864e-01
1891.0 1.395768e-01
1892.0 1.387638e-01
1893.0 1.366417e-01
1894.0 1.377966e-01
1895.0 1.376720e-01
1896.0 1.348534e-01
1897.0 1.355185e-01
1898.0 1.380612e-01
1899.0 1.373786e-01
1900.0 1.378952e-01
1901.0 1.398920e-01
1902.0 1.398960e-01
1903.0 1.379098e-01
1904.0 1.370140e-01
1905.0 1.379054e-01
1906.0 1.384674e-01
1907.0 1.382072e-01
1908.0 1.370392e-01
1909.0 1.375566e-01
1910.0 1.378923e-01
1911.0 1.359093e-01
1912.0 1.350107e-01
1913.0 1.364345e-01
1914.0 1.370000e-01
1915.0 1.362918e-01
1916.0 1.357639e-01
1917.0 1.357277e-01
1918.0 1.350028e-01
1919.0 1.337544e-01
1920.0 1.325437e-01
1921.0 1.342788e-01
1922.0 1.349643e-01
1923.0 1.334501e-01
1924.0 1.331322e-01
1925.0 1.339956e-01
1926.0 1.337256e-01
1927.0 1.324679e-01
1928.0 1.307213e-01
1929.0 1.296823e-01
1930.0 1.298299e-01
1931.0 1.293766e-01
1932.0 1.287041e-01
1933.0 1.289227e-01
1934.0 1.301828e-01
1935.0 1.300162e-01
1936.0 1.302041e-01
1937.0 1.310000e-01
1938.0 1.299170e-01
1939.0 1.265720e-01
1940.0 1.265370e-01
1941.0 1.283585e-01
1942.0 1.272494e-01
1943.0 1.233609e-01
1944.0 1.173895e-01
1945.0 1.128133e-01
1946.0 1.159149e-01
1947.0 1.221566e-01
1948.0 1.250183e-01
1949.0 1.252435e-01
1950.0 1.239243e-01
1951.0 1.220000e-01
1952.0 1.230093e-01
1953.0 1.264879e-01
1954.0 1.270000e-01
1955.0 1.267253e-01
1956.0 1.260000e-01
1957.0 1.260000e-01
1958.0 1.260000e-01
1959.0 1.255557e-01
1960.0 1.250000e-01
1961.0 1.244766e-01
1962.0 1.232618e-01
1963.0 1.217866e-01
1964.0 1.214422e-01
1965.0 1.222735e-01
1966.0 1.221128e-01
1967.0 1.227705e-01
1968.0 1.237423e-01
1969.0 1.230000e-01
1970.0 1.230000e-01
1971.0 1.228993e-01
1972.0 1.203137e-01
1973.0 1.186144e-01
1974.0 1.204979e-01
1975.0 1.215815e-01
1976.0 1.220000e-01
1977.0 1.208912e-01
1978.0 1.181549e-01
1979.0 1.185635e-01
1980.0 1.195020e-01
1981.0 1.194123e-01
1982.0 1.199087e-01
1983.0 1.199674e-01
1984.0 1.190692e-01
1985.0 1.181712e-01
1986.0 1.166578e-01
1987.0 1.178712e-01
1988.0 1.195866e-01
1989.0 1.199260e-01
1990.0 1.190299e-01
1991.0 1.189138e-01
1992.0 1.177470e-01
1993.0 1.156581e-01
1994.0 1.156898e-01
1995.0 1.173640e-01
1996.0 1.172979e-01
1997.0 1.156213e-01
1998.0 1.156976e-01
1999.0 1.164995e-01
2000.0 1.170000e-01
2001.0 1.170000e-01
2002.0 1.162899e-01
2003.0 1.150068e-01
2004.0 1.147069e-01
2005.0 1.150000e-01
2006.0 1.150000e-01
2007.0 1.154754e-01
2008.0 1.157338e-01
2009.0 1.150000e-01
2010.0 1.150000e-01
2011.0 1.150000e-01
2012.0 1.149994e-01
2013.0 1.141805e-01
2014.0 1.140000e-01
2015.0 1.140000e-01
2016.0 1.140000e-01
2017.0 1.136458e-01
2018.0 1.130000e-01
2019.0 1.129841e-01
2020.0 1.114952e-01
2021.0 1.100149e-01
2022.0 1.105394e-01
2023.0 1.119711e-01
2024.0 1.115866e-01
2025.0 1.110000e-01
2026.0 1.110000e-01
2027.0 1.110000e-01
2028.0 1.106919e-01
2029.0 1.095149e-01
2030.0 1.083387e-01
2031.0 1.084246e-01
2032.0 1.095992e-01
2033.0 1.100000e-01
2034.0 1.093389e-01
2035.0 1.080094e-01
2036.0 1.084621e-01
2037.0 1.085645e-01
2038.0 1.061975e-01
2039.0 1.062917e-01
2040.0 1.087013e-01
2041.0 1.081201e-01
2042.0 1.080000e-01
2043.0 1.080000e-01
2044.0 1.080000e-01
2045.0 1.080000e-01
2046.0 1.080000e-01
2047.0 1.073734e-01
2048.0 1.070000e-01
2049.0 1.070000e-01
2050.0 1.070000e-01
2051.0 1.065718e-01
2052.0 1.058321e-01
2053.0 1.050173e-01
2054.0 1.058862e-01
2055.0 1.060000e-01
2056.0 1.060000e-01
2057.0 1.058864e-01
2058.0 1.050151e-01
2059.0 1.050000e-01
2060.0 1.043055e-01
2061.0 1.030134e-01
2062.0 1.037948e-01
2063.0 1.024691e-01
2064.0 1.015836e-01
2065.0 1.033187e-01
2066.0 1.040000e-01
2067.0 1.039876e-01
2068.0 1.031232e-01
2069.0 1.028208e-01
2070.0 1.019883e-01
2071.0 1.011932e-01
2072.0 1.019622e-01
2073.0 1.023166e-01
2074.0 1.030000e-01
2075.0 1.028317e-01
2076.0 1.020029e-01
2077.0 1.020000e-01
2078.0 1.018483e-01
2079.0 1.010007e-01
2080.0 1.002020e-01
2081.0 1.009376e-01
2082.0 1.007484e-01
2083.0 9.963686e-02
2084.0 9.935942e-02
2085.0 9.991861e-02
2086.0 1.000000e-01
2087.0 1.000000e-01
2088.0 1.000000e-01
2089.0 9.992668e-02
2090.0 9.968090e-02
2091.0 9.874559e-02
2092.0 9.716918e-02
2093.0 9.708596e-02
2094.0 9.768748e-02
2095.0 9.729081e-02
2096.0 9.737436e-02
2097.0 9.779228e-02
2098.0 9.783703e-02
2099.0 9.781051e-02
2100.0 9.760460e-02
2101.0 9.763759e-02
2102.0 9.736915e-02
2103.0 9.707966e-02
2104.0 9.710498e-02
2105.0 9.738844e-02
2106.0 9.732902e-02
2107.0 9.710842e-02
2108.0 9.672195e-02
2109.0 9.569291e-02
2110.0 9.535649e-02
2111.0 9.583183e-02
2112.0 9.598486e-02
2113.0 9.576662e-02
2114.0 9.570000e-02
2115.0 9.552370e-02
2116.0 9.446508e-02
2117.0 9.397564e-02
2118.0 9.438538e-02
2119.0 9.423592e-02
2120.0 9.389851e-02
2121.0 9.391246e-02
2122.0 9.389771e-02
2123.0 9.342058e-02
2124.0 9.285969e-02
2125.0 9.304220e-02
2126.0 9.307122e-02
2127.0 9.295756e-02
2128.0 9.324279e-02
2129.0 9.316209e-02
2130.0 9.300000e-02
2131.0 9.304397e-02
2132.0 9.303674e-02
2133.0 9.276110e-02
2134.0 9.252271e-02
2135.0 9.139554e-02
2136.0 9.087396e-02
2137.0 9.143115e-02
2138.0 9.200228e-02
2139.0 9.170889e-02
2140.0 9.156906e-02
2141.0 9.154173e-02
2142.0 9.134635e-02
2143.0 9.104011e-02
2144.0 9.073419e-02
2145.0 9.020168e-02
2146.0 8.993470e-02
2147.0 9.009332e-02
2148.0 9.037659e-02
2149.0 9.023273e-02
2150.0 9.003580e-02
2151.0 8.989961e-02
2152.0 8.952323e-02
2153.0 8.922662e-02
2154.0 8.905726e-02
2155.0 8.905557e-02
2156.0 8.901787e-02
2157.0 8.880687e-02
2158.0 8.859150e-02
2159.0 8.829204e-02
2160.0 8.796534e-02
2161.0 8.750476e-02
2162.0 8.700007e-02
2163.0 8.628169e-02
2164.0 8.484676e-02
2165.0 8.104503e-02
2166.0 7.823724e-02
2167.0 7.956631e-02
2168.0 8.322801e-02
2169.0 8.487495e-02
2170.0 8.562116e-02
2171.0 8.579872e-02
2172.0 8.587115e-02
2173.0 8.588196e-02
2174.0 8.591667e-02
2175.0 8.576114e-02
2176.0 8.529349e-02
2177.0 8.501879e-02
2178.0 8.409856e-02
2179.0 8.412976e-02
2180.0 8.504681e-02
2181.0 8.516760e-02
2182.0 8.424294e-02
2183.0 8.405905e-02
2184.0 8.472818e-02
2185.0 8.485432e-02
2186.0 8.484208e-02
2187.0 8.421945e-02
2188.0 8.281636e-02
2189.0 8.237973e-02
2190.0 8.324954e-02
2191.0 8.375966e-02
2192.0 8.397561e-02
2193.0 8.379651e-02
2194.0 8.366798e-02
2195.0 8.351600e-02
2196.0 8.337563e-02
2197.0 8.325780e-02
2198.0 8.319523e-02
2199.0 8.305218e-02
2200.0 8.284546e-02
2201.0 8.263894e-02
2202.0 8.250310e-02
2203.0 8.250000e-02
2204.0 8.240268e-02
2205.0 8.146522e-02
2206.0 7.976993e-02
2207.0 7.919814e-02
2208.0 7.968682e-02
2209.0 8.051273e-02
2210.0 8.096634e-02
2211.0 8.136665e-02
2212.0 8.126322e-02
2213.0 8.107705e-02
2214.0 8.095807e-02
2215.0 8.071693e-02
2216.0 8.010835e-02
2217.0 7.976856e-02
2218.0 7.994183e-02
2219.0 8.024249e-02
2220.0 8.023718e-02
2221.0 8.005476e-02
2222.0 7.993972e-02
2223.0 7.978776e-02
2224.0 7.959020e-02
2225.0 7.907963e-02
2226.0 7.840683e-02
2227.0 7.823132e-02
2228.0 7.866394e-02
2229.0 7.874090e-02
2230.0 7.868781e-02
2231.0 7.854203e-02
2232.0 7.856062e-02
2233.0 7.858699e-02
2234.0 7.848877e-02
2235.0 7.827920e-02
2236.0 7.811211e-02
2237.0 7.770178e-02
2238.0 7.696259e-02
2239.0 7.659467e-02
2240.0 7.691439e-02
2241.0 7.718553e-02
2242.0 7.701834e-02
2243.0 7.674548e-02
2244.0 7.681731e-02
2245.0 7.690000e-02
2246.0 7.680272e-02
2247.0 7.623584e-02
2248.0 7.593986e-02
2249.0 7.592856e-02
2250.0 7.613773e-02
2251.0 7.604172e-02
2252.0 7.584975e-02
2253.0 7.535535e-02
2254.0 7.480102e-02
2255.0 7.458621e-02
2256.0 7.500621e-02
2257.0 7.513921e-02
2258.0 7.515165e-02
2259.0 7.516212e-02
2260.0 7.502644e-02
2261.0 7.449603e-02
2262.0 7.372341e-02
2263.0 7.362926e-02
2264.0 7.401005e-02
2265.0 7.402493e-02
2266.0 7.387640e-02
2267.0 7.403926e-02
2268.0 7.403308e-02
2269.0 7.392177e-02
2270.0 7.366764e-02
2271.0 7.349257e-02
2272.0 7.341986e-02
2273.0 7.351952e-02
2274.0 7.316691e-02
2275.0 7.296384e-02
2276.0 7.298206e-02
2277.0 7.309874e-02
2278.0 7.301519e-02
2279.0 7.288854e-02
2280.0 7.220524e-02
2281.0 7.093884e-02
2282.0 7.060052e-02
2283.0 7.128547e-02
2284.0 7.178507e-02
2285.0 7.170277e-02
2286.0 7.170662e-02
2287.0 7.174567e-02
2288.0 7.169723e-02
2289.0 7.161048e-02
2290.0 7.148123e-02
2291.0 7.131930e-02
2292.0 7.108168e-02
2293.0 7.023980e-02
2294.0 6.956000e-02
2295.0 6.933723e-02
2296.0 6.933109e-02
2297.0 6.921035e-02
2298.0 6.943677e-02
2299.0 6.976649e-02
2300.0 6.985152e-02
2301.0 6.980000e-02
2302.0 6.977879e-02
2303.0 6.968415e-02
2304.0 6.953949e-02
2305.0 6.949208e-02
2306.0 6.944992e-02
2307.0 6.940378e-02
2308.0 6.918841e-02
2309.0 6.901771e-02
2310.0 6.892365e-02
2311.0 6.890000e-02
2312.0 6.883715e-02
2313.0 6.872821e-02
2314.0 6.840880e-02
2315.0 6.816338e-02
2316.0 6.792793e-02
2317.0 6.781858e-02
2318.0 6.762017e-02
2319.0 6.769952e-02
2320.0 6.782588e-02
2321.0 6.789770e-02
2322.0 6.680706e-02
2323.0 6.582597e-02
2324.0 6.542016e-02
2325.0 6.567295e-02
2326.0 6.579116e-02
2327.0 6.613229e-02
2328.0 6.648315e-02
2329.0 6.645874e-02
2330.0 6.631580e-02
2331.0 6.617765e-02
2332.0 6.605313e-02
2333.0 6.606107e-02
2334.0 6.588790e-02
2335.0 6.559720e-02
2336.0 6.556266e-02
2337.0 6.566168e-02
2338.0 6.519486e-02
2339.0 6.505005e-02
2340.0 6.534860e-02
2341.0 6.568892e-02
2342.0 6.561603e-02
2343.0 6.550326e-02
2344.0 6.532117e-02
2345.0 6.514659e-02
2346.0 6.509694e-02
2347.0 6.501222e-02
2348.0 6.497443e-02
2349.0 6.490004e-02
2350.0 6.481157e-02
2351.0 6.418699e-02
2352.0 6.307288e-02
2353.0 6.242456e-02
2354.0 6.251901e-02
2355.0 6.296866e-02
2356.0 6.298910e-02
2357.0 6.280939e-02
2358.0 6.282877e-02
2359.0 6.306467e-02
2360.0 6.320938e-02
2361.0 6.324539e-02
2362.0 6.320000e-02
2363.0 6.317282e-02
2364.0 6.302868e-02
2365.0 6.299110e-02
2366.0 6.290532e-02
2367.0 6.286389e-02
2368.0 6.269730e-02
2369.0 6.238429e-02
2370.0 6.220252e-02
2371.0 6.216108e-02
2372.0 6.217825e-02
2373.0 6.140835e-02
2374.0 6.084268e-02
2375.0 6.087410e-02
2376.0 6.166161e-02
2377.0 6.200000e-02
2378.0 6.193386e-02
2379.0 6.184160e-02
2380.0 6.171015e-02
2381.0 6.170262e-02
2382.0 6.086730e-02
2383.0 5.982583e-02
2384.0 5.883124e-02
2385.0 5.887814e-02
2386.0 5.906551e-02
2387.0 5.957696e-02
2388.0 5.997159e-02
2389.0 6.028488e-02
2390.0 6.030000e-02
2391.0 6.028430e-02
2392.0 6.006881e-02
2393.0 5.997034e-02
2394.0 5.991668e-02
2395.0 5.999104e-02
2396.0 5.994642e-02
2397.0 5.988863e-02
2398.0 5.985880e-02
2399.0 5.957780e-02
2400.0 5.940000e-02
2401.0 5.940000e-02
2402.0 5.953491e-02
2403.0 5.953869e-02
2404.0 5.928426e-02
2405.0 5.917860e-02
2406.0 5.909057e-02
2407.0 5.900493e-02
2408.0 5.899996e-02
2409.0 5.891002e-02
2410.0 5.880843e-02
2411.0 5.885134e-02
2412.0 5.875050e-02
2413.0 5.814255e-02
2414.0 5.723633e-02
2415.0 5.607623e-02
2416.0 5.596020e-02
2417.0 5.642191e-02
2418.0 5.727168e-02
2419.0 5.750000e-02
2420.0 5.750000e-02
2421.0 5.750000e-02
2422.0 5.746869e-02
2423.0 5.729561e-02
2424.0 5.704895e-02
2425.0 5.699943e-02
2426.0 5.692183e-02
2427.0 5.695255e-02
2428.0 5.690636e-02
2429.0 5.692534e-02
2430.0 5.687889e-02
2431.0 5.685061e-02
2432.0 5.682650e-02
2433.0 5.660102e-02
2434.0 5.624055e-02
2435.0 5.595638e-02
2436.0 5.598321e-02
2437.0 5.590183e-02
2438.0 5.590042e-02
2439.0 5.601490e-02
2440.0 5.619077e-02
2441.0 5.610735e-02
2442.0 5.604193e-02
2443.0 5.597864e-02
2444.0 5.589495e-02
2445.0 5.541177e-02
2446.0 5.484606e-02
2447.0 5.434540e-02
2448.0 5.438400e-02
2449.0 5.455294e-02
2450.0 5.442124e-02
2451.0 5.421921e-02
2452.0 5.420838e-02
2453.0 5.433482e-02
2454.0 5.435643e-02
2455.0 5.404048e-02
2456.0 5.345656e-02
2457.0 5.342007e-02
2458.0 5.369198e-02
2459.0 5.423554e-02
2460.0 5.438133e-02
2461.0 5.429562e-02
2462.0 5.420985e-02
2463.0 5.425830e-02
2464.0 5.409505e-02
2465.0 5.396794e-02
2466.0 5.390000e-02
2467.0 5.389698e-02
2468.0 5.373063e-02
2469.0 5.314394e-02
2470.0 5.280989e-02
2471.0 5.284667e-02
2472.0 5.299903e-02
2473.0 5.300000e-02
2474.0 5.300000e-02
2475.0 5.311695e-02
2476.0 5.328935e-02
2477.0 5.318637e-02
2478.0 5.275377e-02
2479.0 5.218589e-02
2480.0 5.158065e-02
2481.0 5.142563e-02
2482.0 5.120012e-02
2483.0 5.155778e-02
2484.0 5.185798e-02
2485.0 5.203266e-02
2486.0 5.137348e-02
2487.0 5.121591e-02
2488.0 5.137493e-02
2489.0 5.199475e-02
2490.0 5.202351e-02
2491.0 5.193926e-02
2492.0 5.172594e-02
2493.0 5.162312e-02
2494.0 5.146333e-02
2495.0 5.138072e-02
2496.0 5.130141e-02
2497.0 5.126907e-02
2498.0 5.126856e-02
2499.0 5.130000e-02
2500.0 5.131999e-02
2501.0 5.134254e-02
2502.0 5.126894e-02
2503.0 5.112058e-02
2504.0 5.100521e-02
2505.0 5.100000e-02
2506.0 5.093643e-02
2507.0 5.066629e-02
2508.0 5.035784e-02
2509.0 5.012472e-02
2510.0 4.993994e-02
2511.0 4.994312e-02
2512.0 4.986595e-02
2513.0 4.999198e-02
2514.0 4.994421e-02
2515.0 4.998675e-02
2516.0 4.985629e-02
2517.0 4.971893e-02
2518.0 4.964404e-02
2519.0 4.965831e-02
2520.0 4.979989e-02
2521.0 4.979964e-02
2522.0 4.971072e-02
2523.0 4.960129e-02
2524.0 4.949652e-02
2525.0 4.940104e-02
2526.0 4.940000e-02
2527.0 4.932610e-02
2528.0 4.920732e-02
2529.0 4.920000e-02
2530.0 4.920000e-02
2531.0 4.918087e-02
2532.0 4.904827e-02
2533.0 4.894903e-02
2534.0 4.874631e-02
2535.0 4.875779e-02
2536.0 4.856370e-02
2537.0 4.846011e-02
2538.0 4.831104e-02
2539.0 4.815434e-02
2540.0 4.786364e-02
2541.0 4.740488e-02
2542.0 4.738488e-02
2543.0 4.748596e-02
2544.0 4.800262e-02
2545.0 4.799774e-02
2546.0 4.777298e-02
2547.0 4.761878e-02
2548.0 4.754611e-02
2549.0 4.758575e-02
2550.0 4.750110e-02
2551.0 4.730629e-02
2552.0 4.710692e-02
2553.0 4.718275e-02
2554.0 4.725477e-02
2555.0 4.725042e-02
2556.0 4.691898e-02
2557.0 4.671168e-02
2558.0 4.675589e-02
2559.0 4.674145e-02
2560.0 4.679138e-02
2561.0 4.670783e-02
2562.0 4.676960e-02
2563.0 4.672336e-02
2564.0 4.658799e-02
2565.0 4.646254e-02
2566.0 4.618935e-02
2567.0 4.615226e-02
2568.0 4.610000e-02
2569.0 4.614569e-02
2570.0 4.621648e-02
2571.0 4.629556e-02
2572.0 4.623783e-02
2573.0 4.624659e-02
2574.0 4.611907e-02
2575.0 4.610000e-02
2576.0 4.608054e-02
2577.0 4.605062e-02
2578.0 4.599760e-02
2579.0 4.589646e-02
2580.0 4.571418e-02
2581.0 4.543972e-02
2582.0 4.509336e-02
2583.0 4.479347e-02
2584.0 4.443293e-02
2585.0 4.396134e-02
2586.0 4.408487e-02
2587.0 4.436618e-02
2588.0 4.499168e-02
2589.0 4.510000e-02
2590.0 4.508156e-02
2591.0 4.499866e-02
2592.0 4.482234e-02
2593.0 4.465513e-02
2594.0 4.460000e-02
2595.0 4.455435e-02
2596.0 4.450000e-02
2597.0 4.449930e-02
2598.0 4.442470e-02
2599.0 4.439962e-02
2600.0 4.432699e-02
2601.0 4.430000e-02
2602.0 4.430000e-02
2603.0 4.426498e-02
2604.0 4.420000e-02
2605.0 4.416839e-02
2606.0 4.410004e-02
2607.0 4.407192e-02
2608.0 4.393559e-02
2609.0 4.381312e-02
2610.0 4.374098e-02
2611.0 4.361594e-02
2612.0 4.359789e-02
2613.0 4.351926e-02
2614.0 4.349893e-02
2615.0 4.342316e-02
2616.0 4.335821e-02
2617.0 4.314463e-02
2618.0 4.297097e-02
2619.0 4.283295e-02
2620.0 4.280000e-02
2621.0 4.254497e-02
2622.0 4.215199e-02
2623.0 4.165841e-02
2624.0 4.066117e-02
2625.0 3.967284e-02
2626.0 3.945128e-02
2627.0 3.992690e-02
2628.0 4.117285e-02
2629.0 4.193334e-02
2630.0 4.217186e-02
2631.0 4.231638e-02
2632.0 4.239579e-02
2633.0 4.231558e-02
2634.0 4.229842e-02
2635.0 4.222148e-02
2636.0 4.220000e-02
2637.0 4.218040e-02
2638.0 4.178714e-02
2639.0 4.116870e-02
2640.0 4.098789e-02
2641.0 4.091383e-02
2642.0 4.134226e-02
2643.0 4.154946e-02
2644.0 4.151123e-02
2645.0 4.159344e-02
2646.0 4.153527e-02
2647.0 4.147458e-02
2648.0 4.140077e-02
2649.0 4.140000e-02
2650.0 4.139943e-02
2651.0 4.132678e-02
2652.0 4.130000e-02
2653.0 4.097506e-02
2654.0 4.060276e-02
2655.0 4.045160e-02
2656.0 4.053846e-02
2657.0 4.092259e-02
2658.0 4.106096e-02
2659.0 4.098124e-02
2660.0 4.089032e-02
2661.0 4.063249e-02
2662.0 4.045619e-02
2663.0 4.013862e-02
2664.0 3.976190e-02
2665.0 3.961694e-02
2666.0 3.956250e-02
2667.0 3.993743e-02
2668.0 4.012365e-02
2669.0 4.032144e-02
2670.0 4.033182e-02
2671.0 4.021358e-02
2672.0 4.015108e-02
2673.0 4.007556e-02
2674.0 3.987775e-02
2675.0 3.967394e-02
2676.0 3.960000e-02
2677.0 3.960107e-02
2678.0 3.968699e-02
2679.0 3.979328e-02
2680.0 3.979553e-02
2681.0 3.971505e-02
2682.0 3.970000e-02
2683.0 3.969014e-02
2684.0 3.960818e-02
2685.0 3.959678e-02
2686.0 3.950083e-02
2687.0 3.940359e-02
2688.0 3.939256e-02
2689.0 3.931079e-02
2690.0 3.929827e-02
2691.0 3.920908e-02
2692.0 3.910581e-02
2693.0 3.903774e-02
2694.0 3.898032e-02
2695.0 3.890206e-02
2696.0 3.882858e-02
2697.0 3.882714e-02
2698.0 3.889933e-02
2699.0 3.888643e-02
2700.0 3.877038e-02
2701.0 3.870001e-02
2702.0 3.870000e-02
2703.0 3.869970e-02
2704.0 3.862250e-02
2705.0 3.846085e-02
2706.0 3.830089e-02
2707.0 3.822396e-02
2708.0 3.820000e-02
2709.0 3.825448e-02
2710.0 3.820370e-02
2711.0 3.806758e-02
2712.0 3.800000e-02
2713.0 3.801922e-02
2714.0 3.809693e-02
2715.0 3.802413e-02
2716.0 3.788852e-02
2717.0 3.780079e-02
2718.0 3.772686e-02
2719.0 3.770000e-02
2720.0 3.770000e-02
2721.0 3.768856e-02
2722.0 3.760731e-02
2723.0 3.759761e-02
2724.0 3.750720e-02
2725.0 3.737248e-02
2726.0 3.724108e-02
2727.0 3.720000e-02
2728.0 3.720000e-02
2729.0 3.720000e-02
2730.0 3.720000e-02
2731.0 3.720000e-02
2732.0 3.713673e-02
2733.0 3.710000e-02
2734.0 3.706081e-02
2735.0 3.700000e-02
2736.0 3.698181e-02
2737.0 3.682369e-02
2738.0 3.663512e-02
2739.0 3.660000e-02
2740.0 3.660004e-02
2741.0 3.666472e-02
2742.0 3.668200e-02
2743.0 3.660357e-02
2744.0 3.659541e-02
2745.0 3.651596e-02
2746.0 3.646211e-02
2747.0 3.639595e-02
2748.0 3.631707e-02
2749.0 3.626407e-02
2750.0 3.620002e-02
2751.0 3.618551e-02
2752.0 3.610550e-02
2753.0 3.603997e-02
2754.0 3.589558e-02
2755.0 3.568320e-02
2756.0 3.549070e-02
2757.0 3.531310e-02
2758.0 3.518159e-02
2759.0 3.510187e-02
2760.0 3.518115e-02
2761.0 3.526604e-02
2762.0 3.524722e-02
2763.0 3.536231e-02
2764.0 3.531373e-02
2765.0 3.530000e-02
2766.0 3.530000e-02
2767.0 3.530000e-02
2768.0 3.530000e-02
2769.0 3.530000e-02
2770.0 3.528868e-02
2771.0 3.518056e-02
2772.0 3.505037e-02
2773.0 3.492798e-02
2774.0 3.487853e-02
2775.0 3.484448e-02
2776.0 3.489546e-02
2777.0 3.483242e-02
2778.0 3.489500e-02
2779.0 3.484357e-02
2780.0 3.478937e-02
2781.0 3.468289e-02
2782.0 3.455410e-02
2783.0 3.450000e-02
2784.0 3.450000e-02
2785.0 3.450000e-02
2786.0 3.450000e-02
2787.0 3.450000e-02
2788.0 3.450000e-02
2789.0 3.445113e-02
2790.0 3.440000e-02
2791.0 3.438110e-02
2792.0 3.430359e-02
2793.0 3.424061e-02
2794.0 3.420000e-02
2795.0 3.420000e-02
2796.0 3.415257e-02
2797.0 3.403157e-02
2798.0 3.398310e-02
2799.0 3.390460e-02
2800.0 3.389829e-02
2801.0 3.382453e-02
2802.0 3.377748e-02
2803.0 3.370231e-02
2804.0 3.369641e-02
2805.0 3.361917e-02
2806.0 3.360000e-02
2807.0 3.359950e-02
2808.0 3.353107e-02
2809.0 3.350000e-02
2810.0 3.350000e-02
2811.0 3.344628e-02
2812.0 3.339219e-02
2813.0 3.331221e-02
2814.0 3.326266e-02
2815.0 3.320003e-02
2816.0 3.320000e-02
2817.0 3.317743e-02
2818.0 3.310240e-02
2819.0 3.309706e-02
2820.0 3.302108e-02
2821.0 3.297542e-02
2822.0 3.290175e-02
2823.0 3.283659e-02
2824.0 3.280000e-02
2825.0 3.280000e-02
2826.0 3.275563e-02
2827.0 3.270000e-02
2828.0 3.268758e-02
2829.0 3.260785e-02
2830.0 3.260000e-02
2831.0 3.259632e-02
2832.0 3.251948e-02
2833.0 3.250000e-02
2834.0 3.245655e-02
2835.0 3.240000e-02
2836.0 3.238877e-02
2837.0 3.230895e-02
2838.0 3.225871e-02
2839.0 3.213671e-02
2840.0 3.202249e-02
2841.0 3.197837e-02
2842.0 3.190290e-02
2843.0 3.195543e-02
2844.0 3.192541e-02
2845.0 3.190000e-02
2846.0 3.190000e-02
2847.0 3.189912e-02
2848.0 3.182947e-02
2849.0 3.178478e-02
2850.0 3.167720e-02
2851.0 3.160099e-02
2852.0 3.159626e-02
2853.0 3.151975e-02
2854.0 3.150000e-02
2855.0 3.150000e-02
2856.0 3.150000e-02
2857.0 3.149219e-02
2858.0 3.141292e-02
2859.0 3.136798e-02
2860.0 3.130007e-02
2861.0 3.123258e-02
2862.0 3.120000e-02
2863.0 3.120000e-02
2864.0 3.115985e-02
2865.0 3.109823e-02
2866.0 3.101836e-02
2867.0 3.089666e-02
2868.0 3.077505e-02
2869.0 3.065351e-02
2870.0 3.052869e-02
2871.0 3.033169e-02
2872.0 3.021033e-02
2873.0 3.020000e-02
2874.0 3.020074e-02
2875.0 3.027391e-02
2876.0 3.039484e-02
2877.0 3.049173e-02
2878.0 3.050000e-02
2879.0 3.050000e-02
2880.0 3.049399e-02
2881.0 3.041593e-02
2882.0 3.040000e-02
2883.0 3.040000e-02
2884.0 3.034222e-02
2885.0 3.029347e-02
2886.0 3.021519e-02
2887.0 3.017356e-02
2888.0 3.010173e-02
2889.0 3.010000e-02
2890.0 3.010000e-02
2891.0 3.010000e-02
2892.0 3.007436e-02
2893.0 3.000197e-02
2894.0 2.999876e-02
2895.0 2.992874e-02
2896.0 2.988697e-02
2897.0 2.980822e-02
2898.0 2.980000e-02
2899.0 2.974709e-02
2900.0 2.970000e-02
2901.0 2.970000e-02
2902.0 2.967971e-02
2903.0 2.960394e-02
2904.0 2.955221e-02
2905.0 2.950000e-02
2906.0 2.949198e-02
2907.0 2.941345e-02
2908.0 2.940000e-02
2909.0 2.940000e-02
2910.0 2.939886e-02
2911.0 2.932960e-02
2912.0 2.930000e-02
2913.0 2.927909e-02
2914.0 2.917091e-02
2915.0 2.910061e-02
2916.0 2.910000e-02
2917.0 2.910000e-02
2918.0 2.910000e-02
2919.0 2.907565e-02
2920.0 2.896576e-02
2921.0 2.889978e-02
2922.0 2.883136e-02
2923.0 2.871428e-02
2924.0 2.861329e-02
2925.0 2.860000e-02
2926.0 2.860000e-02
2927.0 2.854779e-02
2928.0 2.856651e-02
2929.0 2.859138e-02
2930.0 2.851307e-02
2931.0 2.852594e-02
2932.0 2.855986e-02
2933.0 2.849970e-02
2934.0 2.843465e-02
2935.0 2.840000e-02
2936.0 2.838523e-02
2937.0 2.830741e-02
2938.0 2.830000e-02
2939.0 2.829984e-02
2940.0 2.823812e-02
2941.0 2.819395e-02
2942.0 2.811696e-02
2943.0 2.807975e-02
2944.0 2.800433e-02
2945.0 2.795744e-02
2946.0 2.790000e-02
2947.0 2.790000e-02
2948.0 2.790000e-02
2949.0 2.790000e-02
2950.0 2.790000e-02
2951.0 2.786533e-02
2952.0 2.780044e-02
2953.0 2.774020e-02
2954.0 2.770000e-02
2955.0 2.770000e-02
2956.0 2.770000e-02
2957.0 2.767436e-02
2958.0 2.760240e-02
2959.0 2.759989e-02
2960.0 2.753947e-02
2961.0 2.750000e-02
2962.0 2.749020e-02
2963.0 2.741221e-02
2964.0 2.740000e-02
2965.0 2.740000e-02
2966.0 2.739997e-02
2967.0 2.734192e-02
2968.0 2.729616e-02
2969.0 2.722189e-02
2970.0 2.720000e-02
2971.0 2.717860e-02
2972.0 2.710407e-02
2973.0 2.710000e-02
2974.0 2.710000e-02
2975.0 2.709785e-02
2976.0 2.702152e-02
2977.0 2.691876e-02
2978.0 2.690000e-02
2979.0 2.687621e-02
2980.0 2.680319e-02
2981.0 2.680000e-02
2982.0 2.680000e-02
2983.0 2.680000e-02
2984.0 2.679439e-02
2985.0 2.671853e-02
2986.0 2.668401e-02
2987.0 2.660718e-02
2988.0 2.656852e-02
2989.0 2.650115e-02
2990.0 2.650000e-02
2991.0 2.649829e-02
2992.0 2.642898e-02
2993.0 2.640000e-02
2994.0 2.638672e-02
2995.0 2.628983e-02
2996.0 2.620521e-02
2997.0 2.616470e-02
2998.0 2.605571e-02
2999.0 2.605496e-02
3000.0 2.610000e-02
