18955 18579.598962057295 6725.910581627362
18955 18592.648782711283 6726.031760767483
18955 18602.187643000143 6725.394899674619
19069 18663.585749439917 6756.792130095281
19184 18582.59420730254 6699.986877227968
19298 18245.83688152438 6518.881437814081
19413 17671.47443872444 6219.276156471438
19527 17036.301867343533 5892.437956609985
19641 16630.72324705658 5692.788573196477
19756 16454.80490907574 5613.915067787117
19870 16174.707600457601 5442.149881212232
19985 15759.212006649506 5173.0180459082585
20099 15196.243043638877 4785.678791579988
20214 14082.190208065209 3933.496648754978
