18955 15181.15411244578 6303.403140065464
18955 15209.747515372515 6309.022067093585
18955 15212.473297702465 6309.491890669673
19069 15266.066420587254 6363.809110846007
19184 15235.871058558558 6324.371311289469
19298 15081.84969195386 6197.250222493819
19413 14638.666234687067 5818.168190636621
19527 14132.167593188427 5450.623441580331
19641 13830.753324753325 5238.588853368511
19756 13721.600380142047 5169.447728595498
19870 13535.482265003098 5009.060255897702
19985 13236.759211592545 4739.142835054741
20099 12833.933355975023 4366.680415371658
20214 12085.943068068069 3621.8850825642426
